-1 0.350975959382783
-0.9921875 0.251825467475131
-0.984375 0.150994923838474
-0.9765625 0.0486145384268415
-0.96875 -0.0551798621767614
-0.9609375 -0.160246898734818
-0.953125 -0.266439716518395
-0.9453125 -0.373606076288445
-0.9375 -0.481588459714344
-0.9296875 -0.590224189834017
-0.921875 -0.699345567140446
-0.9140625 -0.808780021855346
-0.90625 -0.918350282921736
-0.8984375 -1.02787456421327
-0.890625 -1.13716676841922
-0.8828125 -1.24603670901998
-0.875 -1.35429035071898
-0.8671875 -1.46173006864262
-0.859375 -1.56815492656077
-0.8515625 -1.67336097431616
-0.84375 -1.77714156458228
-0.8359375 -1.87928768899547
-0.828125 -1.97958833362903
-0.8203125 -2.07783085369466
-0.8125 -2.17380136727013
-0.8046875 -2.26728516776201
-0.796875 -2.35806715471844
-0.7890625 -2.4459322825107
-0.78125 -2.53066602630263
-0.7734375 -2.61205486462562
-0.765625 -2.68988677777358
-0.7578125 -2.76395176112756
-0.75 -2.8340423524143
-0.7421875 -2.8999541717975
-0.734375 -2.96148647359501
-0.7265625 -3.01844270831088
-0.71875 -3.07063109356829
-0.7109375 -3.11786519242857
-0.703125 -3.15996449748339
-0.6953125 -3.19675501901273
-0.6875 -3.22806987541056
-0.6796875 -3.25374988399417
-0.671875 -3.27364415023265
-0.6640625 -3.2876106533554
-0.65625 -3.29551682623332
-0.6484375 -3.29724012736465
-0.640625 -3.29266860274445
-0.6328125 -3.28170143535176
-0.625 -3.26424947995296
-0.6171875 -3.2402357808931
-0.609375 -3.20959607053076
-0.6015625 -3.1722792459655
-0.59375 -3.12824782171141
-0.5859375 -3.07747835598587
-0.578125 -3.01996184830906
-0.5703125 -2.95570410614835
-0.5625 -2.88472607839144
-0.5546875 -2.80706415349393
-0.546875 -2.72277042022082
-0.5390625 -2.63191288898659
-0.53125 -2.53457567189623
-0.5234375 -2.43085911969797
-0.515625 -2.32087991397897
-0.5078125 -2.20477111306682
-0.5 -2.08268215024107
-0.4921875 -1.95477878301236
-0.484375 -1.82124299238811
-0.4765625 -1.68227283121559
-0.46875 -1.53808222087335
-0.4609375 -1.38890069576954
-0.453125 -1.23497309530124
-0.4453125 -1.07655920313002
-0.4375 -0.913933333836241
-0.4296875 -0.747383867225768
-0.421875 -0.57721273077811
-0.4140625 -0.403734830942568
-0.40625 -0.227277434208184
-0.3984375 -0.048179499093042
-0.390625 0.133209039582541
-0.3828125 0.316528032556979
-0.375 0.501407922326167
-0.3671875 0.687470591673124
-0.359375 0.874330252316292
-0.3515625 1.06159437126511
-0.34375 1.24886463227969
-0.3359375 1.43573792964815
-0.328125 1.62180739132115
-0.3203125 1.80666342827985
-0.3125 1.98989480686187
-0.3046875 2.17108974062981
-0.296875 2.3498369982412
-0.2890625 2.5257270236665
-0.28125 2.6983530650042
-0.2734375 2.8673123080607
-0.265625 3.03220701079672
-0.2578125 3.19264563469309
-0.25 3.34824396905658
-0.2421875 3.49862624427195
-0.234375 3.64342623000938
-0.2265625 3.78228831441715
-0.21875 3.91486856036806
-0.2109375 4.04083573488462
-0.203125 4.15987230794193
-0.1953125 4.27167541693872
-0.1875 4.37595779323562
-0.1796875 4.47244864728487
-0.171875 4.56089450901701
-0.1640625 4.64106002030694
-0.15625 4.71272867651326
-0.1484375 4.77570351427061
-0.140625 4.8298077429132
-0.1328125 4.87488531711891
-0.125 4.91080144858522
-0.1171875 4.93744305478051
-0.109375 4.95471914305532
-0.1015625 4.96256112864716
-0.09375 4.96092308536746
-0.0859375 4.94978192802045
-0.078125 4.92913752586784
-0.0703125 4.89901274672047
-0.0625 4.85945343150685
-0.0546875 4.81052829943663
-0.046875 4.75232878414428
-0.0390625 4.68496880146262
-0.03125 4.60858444973619
-0.0234375 4.52333364383953
-0.015625 4.42939568431415
-0.0078125 4.3269707632787
0 4.21627940899889
0.0078125 4.09756187122615
0.015625 3.97107744962453
0.0234375 3.83710376780535
0.03125 3.69593599567476
0.0390625 3.547886022973
0.046875 3.39328158704207
0.0546875 3.23246535800264
0.0625 3.06579398464889
0.0703125 2.89363710448261
0.078125 2.71637632140362
0.0859375 2.53440415465352
0.09375 2.34812296267254
0.1015625 2.15794384557576
0.109375 1.96428552998473
0.1171875 1.76757323996363
0.125 1.56823755780639
0.1328125 1.36671327840234
0.140625 1.16343826087358
0.1484375 0.9588522811282
0.15625 0.753395888909836
0.1640625 0.547509272846611
0.171875 0.341631136912491
0.1796875 0.136197591611311
0.1875 -0.068358936919911
0.1953125 -0.271610776816216
0.203125 -0.47313605646005
0.2109375 -0.672519723730756
0.21875 -0.869354535882133
0.2265625 -1.0632420175585
0.234375 -1.25379338462166
0.2421875 -1.44063043162767
0.25 -1.62338638096216
0.2578125 -1.80170669181535
0.265625 -1.97524982735158
0.2734375 -2.14368797860232
0.28125 -2.30670774378546
0.2890625 -2.46401076192572
0.296875 -2.6153142998211
0.3046875 -2.76035179156717
0.3125 -2.89887333001404
0.3203125 -3.0306461096892
0.328125 -3.1554548208729
0.3359375 -3.27310199466008
0.34375 -3.3834082989844
0.3515625 -3.48621278571421
0.359375 -3.58137308905829
0.3671875 -3.66876557563913
0.375 -3.74828544670464
0.3828125 -3.81984679305432
0.390625 -3.8833826033532
0.3984375 -3.93884472659737
0.40625 -3.9862037895767
0.4140625 -4.02544907025567
0.421875 -4.05658832806123
0.4296875 -4.07964759212721
0.4375 -4.09467090859961
0.4453125 -4.1017200481555
0.453125 -4.10087417493058
0.4609375 -4.09222947808828
0.46875 -4.07589876729576
0.4765625 -4.05201103340092
0.484375 -4.02071097562933
0.4921875 -3.98215849664189
0.5 -3.93652816681339
0.5078125 -3.88400865910966
0.515625 -3.82480215595692
0.5234375 -3.75912372951221
0.53125 -3.68720069675871
0.5390625 -3.60927195086465
0.546875 -3.52558727026041
0.5546875 -3.43640660690482
0.5625 -3.34199935522976
0.5703125 -3.24264360327213
0.578125 -3.13862536752342
0.5859375 -3.03023781305134
0.59375 -2.9177804604737
0.6015625 -2.8015583813931
0.609375 -2.68188138393148
0.6171875 -2.55906319003663
0.625 -2.43342060626714
0.6328125 -2.30527268979948
0.640625 -2.17493991143841
0.6484375 -2.04274331745208
0.65625 -1.90900369209244
0.6640625 -1.77404072270274
0.671875 -1.63817216935327
0.6796875 -1.50171304098634
0.6875 -1.36497478008868
0.6953125 -1.22826445794522
0.703125 -1.09188398256075
0.7109375 -0.956129321364745
0.71875 -0.821289740839209
0.7265625 -0.687647065228767
0.734375 -0.555474956505339
0.7421875 -0.425038217766506
0.75 -0.296592122245653
0.7578125 -0.170381770102875
0.765625 -0.0466414751475177
0.7734375 0.0744058163843151
0.78125 0.192549072911895
0.7890625 0.30758968841464
0.796875 0.41934195518239
0.8046875 0.527633496505241
0.8125 0.632305657480326
0.8203125 0.733213852208278
0.828125 0.830227865759749
0.8359375 0.923232109412371
0.84375 1.01212582779075
0.8515625 1.09682325668632
0.859375 1.17725373049013
0.8671875 1.25336173833881
0.875 1.32510692825257
0.8828125 1.3924640587325
0.890625 1.45542289748271
0.8984375 1.51398806712941
0.90625 1.56817883802382
0.9140625 1.61802886843691
0.921875 1.66358589268096
0.9296875 1.7049113579238
0.9375 1.74208001069626
0.9453125 1.77517943432903
0.953125 1.80430953879134
0.9609375 1.82958200463916
0.96875 1.8511196830127
0.9765625 1.86905595385094
0.984375 1.88353404471361
0.9921875 1.89470631281548
1 1.90273349308383


-1 -12.5783651289505
-0.9921875 -12.8015038213797
-0.984375 -13.0083374277473
-0.9765625 -13.1981434675749
-0.96875 -13.3702068321247
-0.9609375 -13.5238214319492
-0.953125 -13.6582919255053
-0.9453125 -13.7729355277709
-0.9375 -13.867083897255
-0.9296875 -13.9400850992101
-0.921875 -13.9913056422669
-0.9140625 -14.020132585092
-0.90625 -14.0259757090473
-0.8984375 -14.0082697521876
-0.890625 -13.9664766992905
-0.8828125 -13.9000881219606
-0.875 -13.8086275622006
-0.8671875 -13.6916529521964
-0.859375 -13.5487590624245
-0.8515625 -13.3795799695651
-0.84375 -13.1837915350916
-0.8359375 -12.9611138848255
-0.828125 -12.7113138791745
-0.8203125 -12.4342075632472
-0.8125 -12.1296625855331
-0.8046875 -11.7976005733833
-0.796875 -11.4379994531077
-0.7890625 -11.0508957021413
-0.78125 -10.6363865204154
-0.7734375 -10.1946319078108
-0.765625 -9.72585663437535
-0.7578125 -9.23035208984987
-0.75 -8.7084779989847
-0.7421875 -8.16066398913056
-0.734375 -7.58741099666678
-0.7265625 -6.989292498984
-0.71875 -6.36695555897052
-0.7109375 -5.72112166926439
-0.703125 -5.05258738392631
-0.6953125 -4.36222472566524
-0.6875 -3.65098135730593
-0.6796875 -2.91988050682963
-0.671875 -2.17002063604077
-0.6640625 -1.40257484371689
-0.65625 -0.618789994980695
-0.6484375 0.180014430407142
-0.640625 0.992447777102729
-0.6328125 1.81704994574568
-0.625 2.65229342103076
-0.6171875 3.49658559904489
-0.609375 4.34827141533807
-0.6015625 5.20563627385428
-0.59375 6.06690927545844
-0.5859375 6.9302667433669
-0.578125 7.79383604132575
-0.5703125 8.65569967889375
-0.5625 9.5138996966796
-0.5546875 10.366442322867
-0.546875 11.2113028908417
-0.5390625 12.0464310062224
-0.53125 12.8697559500994
-0.5234375 13.6791923038129
-0.515625 14.4726457791587
-0.5078125 15.2480192365146
-0.5 16.0032188720277
-0.4921875 16.7361605537171
-0.484375 17.4447762851243
-0.4765625 18.127020774001
-0.46875 18.7808780824629
-0.4609375 19.4043683340763
-0.453125 19.9955544524747
-0.4453125 20.5525489053485
-0.4375 21.0735204270076
-0.4296875 21.5567006921935
-0.421875 22.0003909134217
-0.4140625 22.4029683338721
-0.40625 22.7628925877116
-0.3984375 23.0787118997471
-0.390625 23.3490690964525
-0.3828125 23.5727074007116
-0.375 23.7484759830532
-0.3671875 23.8753352427422
-0.359375 23.952361792813
-0.3515625 23.978753124005
-0.34375 23.9538319235683
-0.3359375 23.8770500260552
-0.328125 23.7479919744927
-0.3203125 23.566378171739
-0.3125 23.3320676033574
-0.3046875 23.045060114985
-0.296875 22.7054982289268
-0.2890625 22.3136684865597
-0.28125 21.8700023050722
-0.2734375 21.3750763390921
-0.265625 20.8296123398494
-0.2578125 20.2344765066778
-0.25 19.5906783278633
-0.2421875 18.8993689100918
-0.234375 18.1618387980136
-0.2265625 17.3795152877287
-0.21875 16.5539592402736
-0.2109375 15.6868614034655
-0.203125 14.7800382527037
-0.1953125 13.83542736354
-0.1875 12.8550823309858
-0.1796875 11.8411672526292
-0.171875 10.7959507946535
-0.1640625 9.72179986179559
-0.15625 8.62117289412276
-0.1484375 7.49661281524635
-0.140625 6.35073965821234
-0.1328125 5.18624289680309
-0.125 4.00587351134639
-0.1171875 2.81243581934621
-0.109375 1.60877910231887
-0.1015625 0.397789061132535
-0.09375 -0.817620867098725
-0.0859375 -2.03451829692612
-0.078125 -3.24996075322121
-0.0703125 -4.46100456626235
-0.0625 -5.66471376886013
-0.0546875 -6.8581689612199
-0.046875 -8.03847610950108
-0.0390625 -9.20277524446155
-0.03125 -10.3482490271698
-0.0234375 -11.4721311495224
-0.015625 -12.5717145382148
-0.0078125 -13.6443593318744
0 -14.6875006022683
0.0078125 -15.6986557918365
0.015625 -16.6754318412659
0.0234375 -17.6155319824045
0.03125 -18.5167621735022
0.0390625 -19.3770371555539
0.046875 -20.1943861103885
0.0546875 -20.9669579030975
0.0625 -21.6930258934
0.0703125 -22.3709923026014
0.078125 -22.9993921248957
0.0859375 -23.5768965738816
0.09375 -24.1023160572933
0.1015625 -24.5746026750774
0.109375 -24.9928522380657
0.1171875 -25.3563058065858
0.125 -25.6643507504098
0.1328125 -25.916521333444
0.140625 -26.1124988285173
0.1484375 -26.2521111694986
0.15625 -26.3353321497774
0.1640625 -26.3622801778481
0.171875 -26.3332166023553
0.1796875 -26.2485436204631
0.1875 -26.1088017848109
0.1953125 -25.9146671255964
0.203125 -25.6669479054865
0.2109375 -25.3665810260847
0.21875 -25.0146281055905
0.2265625 -24.6122712480538
0.234375 -24.1608085252678
0.2421875 -23.6616491928488
0.25 -23.1163086624288
0.2578125 -22.5264032521277
0.265625 -21.8936447375943
0.2734375 -21.2198347258956
0.28125 -20.5068588744144
0.2890625 -19.7566809766739
0.296875 -18.9713369366643
0.3046875 -18.1529286528013
0.3125 -17.3036178321064
0.3203125 -16.4256197545744
0.328125 -15.5211970069933
0.3359375 -14.5926532047111
0.34375 -13.6423267190166
0.3515625 -12.6725844269238
0.359375 -11.6858154992312
0.3671875 -10.6844252417815
0.375 -9.67082900387645
0.3828125 -8.64744616682626
0.390625 -7.61669422463077
0.3984375 -6.58098296781728
0.40625 -5.54270878050508
0.4140625 -4.50424905983579
0.421875 -3.46795676601047
0.4296875 -2.43615511031749
0.4375 -1.41113238772454
0.4453125 -0.395136959850785
0.453125 0.609627606563396
0.4609375 1.60100724120845
0.46875 2.57690190786716
0.4765625 3.53526997477468
0.484375 4.47413241469333
0.4921875 5.39157683207607
0.5 6.28576131497497
0.5078125 7.15491810956385
0.515625 7.9973571152853
0.5234375 8.8114691987072
0.53125 9.5957293241832
0.5390625 10.3486994993626
0.546875 11.0690315334893
0.5546875 11.7554696062781
0.5625 12.406852644955
0.5703125 13.0221165068244
0.578125 13.6002959644556
0.5859375 14.1405264903112
0.59375 14.6420458373388
0.6015625 15.1041954117611
0.609375 15.5264214340041
0.6171875 15.9082758834342
0.625 16.2494172223232
0.6328125 16.5496108942449
0.640625 16.8087295919321
0.6484375 17.0267532894986
0.65625 17.203769033865
0.6640625 17.3399704902265
0.671875 17.4356572364762
0.6796875 17.4912338016455
0.6875 17.5072084436654
0.6953125 17.484191662076
0.703125 17.4228944417335
0.7109375 17.3241262240809
0.71875 17.1887926031645
0.7265625 17.0178927442932
0.734375 16.8125165240496
0.7421875 16.5738413912775
0.75 16.3031289496724
0.7578125 16.0017212637021
0.765625 15.6710368907691
0.7734375 15.3125666437913
0.78125 14.9278690897145
0.7890625 14.5185657908773
0.796875 14.0863362976074
0.8046875 13.6329129019344
0.8125 13.1600751638479
0.8203125 12.6696442230921
0.828125 12.1634769110686
0.8359375 11.6434596789862
0.84375 11.1115023599639
0.8515625 10.5695317843135
0.859375 10.0194852687204
0.8671875 9.46330400146273
0.875 8.90292634716826
0.8828125 8.34028109587385
0.890625 7.77728068232087
0.8984375 7.21581440247445
0.90625 6.65774165518102
0.9140625 6.10488523766682
0.921875 5.55902472421776
0.9296875 5.02188995785747
0.9375 4.49515468514665
0.9453125 3.98043036435387
0.953125 3.4792601771901
0.9609375 2.99311327404891
0.96875 2.52337928224898
0.9765625 2.07136310613163
0.984375 1.63828004702235
0.9921875 1.22525127002301
1 0.833299643361413


-1 0
-0.9921875 0.00273913763790412
-0.984375 0.00549363693593639
-0.9765625 0.00825734434840656
-0.96875 0.0110240117633598
-0.9609375 0.0137873047924492
-0.953125 0.0165408113996464
-0.9453125 0.0192780508640811
-0.9375 0.0219924830714504
-0.9296875 0.0246775181275617
-0.921875 0.0273265262866558
-0.9140625 0.0299328481861963
-0.90625 0.0324898053788355
-0.8984375 0.0349907111512326
-0.890625 0.037428881618362
-0.8828125 0.0397976470808631
-0.875 0.0420903636318808
-0.8671875 0.0443004249987222
-0.859375 0.0464212746035063
-0.8515625 0.0484464178258262
-0.84375 0.0503694344492668
-0.8359375 0.0521839912724473
-0.828125 0.0538838548640715
-0.8203125 0.0554629044402896
-0.8125 0.0569151448415036
-0.8046875 0.0582347195845861
-0.796875 0.0594159239653384
-0.7890625 0.0604532181848995
-0.78125 0.0613412404727177
-0.7734375 0.0620748201776546
-0.765625 0.0626489907977644
-0.7578125 0.0630590029183398
-0.75 0.0633003370268944
-0.7421875 0.0633687161729072
-0.734375 0.0632601184393716
-0.7265625 0.0629707891924808
-0.71875 0.0624972530751522
-0.7109375 0.0618363257095531
-0.703125 0.0609851250733368
-0.6953125 0.0599410825139494
-0.6875 0.0587019533651146
-0.6796875 0.0572658271294741
-0.671875 0.0556311371913299
-0.6640625 0.053796670023536
-0.65625 0.0517615738528091
-0.6484375 0.0495253667480731
-0.640625 0.0470879440969422
-0.6328125 0.0444495854360533
-0.625 0.04161096060173
-0.6171875 0.0385731351683401
-0.609375 0.0353375751427618
-0.6015625 0.031906150884542
-0.59375 0.0282811402226686
-0.5859375 0.0244652307413333
-0.578125 0.0204615212086811
-0.5703125 0.0162735221242918
-0.5625 0.0119051553630227
-0.5546875 0.00736075289487342
-0.546875 0.00264505456268388
-0.5390625 -0.0022367950982376
-0.53125 -0.00727925101205718
-0.5234375 -0.0124763726969074
-0.515625 -0.017821830390281
-0.5078125 -0.0233089121709423
-0.5 -0.0289305320801557
-0.4921875 -0.0346792392421106
-0.484375 -0.0405472279804453
-0.4765625 -0.0465263489247143
-0.46875 -0.0526081210975418
-0.4609375 -0.0587837449700468
-0.453125 -0.065044116469944
-0.4453125 -0.0713798419235207
-0.4375 -0.0777812539094708
-0.4296875 -0.0842384279993585
-0.421875 -0.0907412003562938
-0.4140625 -0.0972791861602283
-0.40625 -0.103841798825173
-0.3984375 -0.110418269970561
-0.390625 -0.116997670105993
-0.3828125 -0.123568929985688
-0.375 -0.130120862586149
-0.3671875 -0.136642185657846
-0.359375 -0.143121544799138
-0.3515625 -0.149547536998213
-0.34375 -0.155908734586506
-0.3359375 -0.162193709544934
-0.328125 -0.168391058102321
-0.3203125 -0.174489425563549
-0.3125 -0.18047753130344
-0.3046875 -0.186344193860907
-0.296875 -0.192078356066773
-0.2890625 -0.197669110137637
-0.28125 -0.203105722667449
-0.2734375 -0.208377659447912
-0.265625 -0.213474610048533
-0.2578125 -0.218386512087121
-0.25 -0.223103575121678
-0.2421875 -0.227616304095095
-0.234375 -0.231915522264727
-0.2265625 -0.235992393549822
-0.21875 -0.239838444230979
-0.2109375 -0.243445583937163
-0.203125 -0.24680612585748
-0.1953125 -0.24991280611677
-0.1875 -0.252758802256154
-0.1796875 -0.255337750762023
-0.171875 -0.257643763589439
-0.1640625 -0.259671443628693
-0.15625 -0.261415899066654
-0.1484375 -0.26287275659766
-0.140625 -0.264038173441997
-0.1328125 -0.264908848133435
-0.125 -0.265482030040871
-0.1171875 -0.265755527592874
-0.109375 -0.265727715177742
-0.1015625 -0.265397538695631
-0.09375 -0.264764519743363
-0.0859375 -0.263828758416614
-0.078125 -0.262590934718338
-0.0703125 -0.261052308566528
-0.0625 -0.259214718398604
-0.0546875 -0.257080578373985
-0.046875 -0.254652874180637
-0.0390625 -0.251935157455587
-0.03125 -0.248931538833578
-0.0234375 -0.245646679642147
-0.015625 -0.242085782265456
-0.0078125 -0.238254579203173
0 -0.234159320854534
0.0078125 -0.2298067620615
0.015625 -0.225204147448488
0.0234375 -0.220359195599667
0.03125 -0.215280082118121
0.0390625 -0.209975421614302
0.046875 -0.204454248674237
0.0546875 -0.198725997860676
0.0625 -0.192800482803025
0.0703125 -0.186687874434265
0.078125 -0.180398678435271
0.0859375 -0.173943711948906
0.09375 -0.167334079628021
0.1015625 -0.160581149083027
0.109375 -0.153696525796011
0.1171875 -0.146692027569433
0.125 -0.139579658578304
0.1328125 -0.132371583095358
0.140625 -0.125080098959117
0.1484375 -0.117717610854932
0.15625 -0.110296603479003
0.1640625 -0.102829614655129
0.171875 -0.0953292084734461
0.1796875 -0.0878079485196995
0.1875 -0.0802783712627205
0.1953125 -0.0727529596666719
0.203125 -0.0652441170933505
0.2109375 -0.0577641415583722
0.21875 -0.0503252004034342
0.2265625 -0.042939305445067
0.234375 -0.0356182886583252
0.2421875 -0.0283737784518023
0.25 -0.0212171765881234
0.2578125 -0.014159635801728
0.265625 -0.00721203816332161
0.2734375 -0.000384974237801927
0.28125 0.00631127692015537
0.2890625 0.0128667668914026
0.296875 0.0192718960998419
0.3046875 0.0255174310663452
0.3125 0.0315945206761486
0.3203125 0.0374947114297185
0.328125 0.043209961650068
0.3359375 0.0487326546224625
0.34375 0.0540556106454603
0.3515625 0.0591720979752168
0.359375 0.0640758426479692
0.3671875 0.0687610371685917
0.375 0.0732223480560589
0.3828125 0.0774549222395746
0.390625 0.08145439230201
0.3984375 0.0852168805701439
0.40625 0.0887390020539861
0.4140625 0.0920178662402193
0.421875 0.0950510777474848
0.4296875 0.0978367358538617
0.4375 0.10037343290946
0.4453125 0.102660251649546
0.453125 0.10469676142604
0.4609375 0.106483013377603
0.46875 0.108019534560764
0.4765625 0.109307321066807
0.484375 0.110347830151196
0.4921875 0.111142971404405
0.5 0.111695096994956
0.5078125 0.112006991017371
0.515625 0.112081857979498
0.5234375 0.111923310465429
0.53125 0.111535356011821
0.5390625 0.110922383236967
0.546875 0.110089147263429
0.5546875 0.109040754476393
0.5625 0.10778264666118
0.5703125 0.106320584564525
0.578125 0.104660630925318
0.5859375 0.102809133021515
0.59375 0.100772704780793
0.6015625 0.098558208503357
0.609375 0.0961727362459885
0.6171875 0.0936235909170434
0.625 0.0909182671326032
0.6328125 0.0880644318843781
0.640625 0.0850699050702606
0.6484375 0.0819426399386042
0.65625 0.0786907034973724
0.6640625 0.0753222569392713
0.671875 0.0718455361338043
0.6796875 0.0682688322369293
0.6875 0.0646004724685844
0.6953125 0.0608488011078417
0.703125 0.0570221607547935
0.7109375 0.0531288739075026
0.71875 0.0491772249014528
0.7265625 0.0451754422578944
0.734375 0.0411316814863214
0.7421875 0.0370540083850126
0.75 0.0329503828821469
0.7578125 0.0288286434584344
0.765625 0.0246964921905092
0.7734375 0.0205614804525058
0.78125 0.016430995311284
0.7890625 0.0123122466486835
0.796875 0.0082122550419782
0.8046875 0.00413784043137866
0.8125 9.56116009814822E-05
0.8203125 -0.00390804350299245
0.828125 -0.00786696659548269
0.8359375 -0.0117752369989816
0.84375 -0.0156271786974543
0.8515625 -0.0194173664851562
0.859375 -0.0231406312007195
0.8671875 -0.0267920640399519
0.875 -0.0303670199439311
0.8828125 -0.0338611200621393
0.890625 -0.0372702532935982
0.8984375 -0.0405905769121832
0.90625 -0.0438185162855333
0.9140625 -0.0469507637002063
0.921875 -0.0499842763089242
0.9296875 -0.0529162732189532
0.9375 -0.0557442317437661
0.9453125 -0.0584658828432325
0.953125 -0.0610792057805488
0.9609375 -0.0635824220270484
0.96875 -0.0659739884488127
0.9765625 -0.0682525898116986
0.984375 -0.070417130643937
0.9921875 -0.0724667264978697
1 -0.0744006946546278
