x y_clean y_noisy lambda=8000
-2.5 29.296875 22.893479832493 21.143998682037
-2.48997995991984 24.8243695321623 31.9802625462803 18.1967247994481
-2.47995991983968 20.4858594303539 18.3427786628103 15.2495602594311
-2.46993987975952 16.2788845120814 11.3102011102748 12.3045560319201
-2.45991983967936 12.2010142198421 16.7155110734239 9.36404039657767
-2.4498997995992 8.24984740477245 12.439933501619 6.43021733870114
-2.43987975951904 4.42301211102543 7.79727632608606 3.50620977742251
-2.42985971943888 0.718165360876526 2.81474050769533 0.595891846394144
-2.41983967935872 -2.86700705944122 0.915367299426249 -2.29632593741303
-2.40981963927856 -6.33479081317336 -7.66722270921936 -5.16575570094542
-2.3997995991984 -9.68744322575239 -10.3364623390979 -8.00730810949482
-2.38977955911824 -12.9271934967769 -10.2465939771755 -10.8162065117291
-2.37975951903808 -16.0562429112608 -12.3568136659679 -13.5879654005947
-2.36973947895792 -19.0767650501567 -21.000169029633 -16.3180280674714
-2.35971943887776 -21.9909060001473 -18.7228356228458 -19.001683909772
-2.3496993987976 -24.8007845627106 -27.7017050685328 -21.6348075925298
-2.33967935871743 -27.5084924624552 -29.690225105237 -24.213238924742
-2.32965931863727 -30.1160945547268 -24.7450665221673 -26.7335760775905
-2.31963927855711 -32.6256290324873 -26.1758129503721 -29.1931018455295
-2.30961923847695 -35.0391076324631 -38.0830457791548 -31.588850459319
-2.29959919839679 -37.3585158405664 -38.6580869811424 -33.9174789886071
-2.28957915831663 -39.5858130965879 -46.1642362814328 -36.1764562774568
-2.27955911823647 -41.7229329981587 -36.5141756285153 -38.3638437459303
-2.26953907815631 -43.7717835039864 -43.3001500836738 -40.4789512865902
-2.25951903807615 -45.7342471363599 -45.7658823493195 -42.5208575834844
-2.24949899799599 -47.6121811829277 -47.4685979626639 -44.4889939705105
-2.23947895791583 -49.4074178977455 -45.1572135642919 -46.3831974096619
-2.22945891783567 -51.1217647015967 -50.0097888242316 -48.2036773134309
-2.21943887775551 -52.7570043815832 -45.8840493753279 -49.9504898463292
-2.20941883767535 -54.3148952899882 -60.3122374771997 -51.6239169368074
-2.19939879759519 -55.7971715424094 -61.2792333122144 -53.223732208257
-2.18937875751503 -57.2055432151649 -50.1216315896902 -54.7507953241373
-2.17935871743487 -58.5416965419682 -52.9528812258346 -56.2069728855456
-2.16933867735471 -59.8072941098775 -52.6264028658195 -57.5935528481122
-2.15931863727455 -61.0039750545134 -66.8185587836811 -58.9114164060101
-2.14929859719439 -62.1333552545494 -57.2742731576602 -60.1608238596645
-2.13927855711423 -63.1970275254741 -66.4989164932461 -61.3430239022978
-2.12925851703407 -64.1965618126232 -64.3616931597212 -62.4589044082947
-2.11923847695391 -65.1335053834839 -58.4436894016163 -63.5099977386138
-2.10921843687375 -66.0093830192707 -59.126898990511 -64.4980741028076
-2.09919839679359 -66.8256972057717 -59.9587321240581 -65.4242704218864
-2.08917835671343 -67.5839283234669 -71.8552716071813 -66.2890522199716
-2.07915831663327 -68.2855348369174 -72.6499030036287 -67.0922018288973
-2.06913827655311 -68.9319534834261 -75.207883414873 -67.8341973579208
-2.05911823647295 -69.5245994609695 -66.0073306668384 -68.5162116289465
-2.04909819639279 -70.0648666154013 -64.6365197761669 -69.1403391746359
-2.03907815631263 -70.5541276269266 -73.8455378955795 -69.7083609175301
-2.02905811623247 -70.9937341958477 -67.6831862680757 -70.2214948027455
-2.0190380761523 -71.3850172275814 -65.5865432299352 -70.6814759225207
-2.00901803607214 -71.7292870169477 -70.3768589593197 -71.0897220805275
-1.99899799599198 -72.0278334317287 -66.839069562413 -71.4470142138513
-1.98897795591182 -72.2819260955007 -76.4663580957412 -71.7540441516871
-1.97895791583166 -72.4928145697356 -72.4532236733771 -72.0109277301486
-1.9689378757515 -72.6617285351751 -67.2829682528157 -72.2183698245925
-1.95891783567134 -72.7898779724754 -78.8026191547136 -72.3771305973685
-1.94889779559118 -72.8784533421236 -80.2034253247857 -72.4873532856297
-1.93887775551102 -72.928625763625 -78.4814901191504 -72.5499843125989
-1.92885771543086 -72.9415471939619 -68.056261381818 -72.5669346105037
-1.9188376753507 -72.9183506053241 -70.3553987941712 -72.5408565497976
-1.90881763527054 -72.86015016211 -75.9892365287919 -72.4738386667808
-1.89879759519038 -72.7680413971995 -65.3281596338065 -72.3676963155335
-1.88877755511022 -72.6431013874977 -77.8808130498021 -72.2246842748691
-1.87875751503006 -72.4863889287506 -69.7627687881871 -72.0461773815154
-1.8687374749499 -72.2989447096317 -70.0192281635527 -71.8342574882972
-1.85871743486974 -72.0817914850996 -75.4321616113407 -71.590721021965
-1.84869739478958 -71.8359342490275 -72.0688649878477 -71.3171375306039
-1.83867735470942 -71.5623604061037 -66.9705762026359 -71.0155567423726
-1.82865731462926 -71.2620399430033 -67.2435019417684 -70.688122351362
-1.8186372745491 -70.9359255988313 -74.5447458491398 -70.3364724290952
-1.80861723446894 -70.5849530348373 -64.675964754425 -69.9618144695446
-1.79859719438878 -70.2100410034007 -77.3090725414509 -69.5658820008599
-1.78857715430862 -69.8120915162884 -64.3286928119722 -69.1497478199763
-1.77855711422846 -69.3919900121825 -63.2107779614907 -68.7154526226468
-1.7685370741483 -68.9506055234803 -61.8832734701248 -68.2644344727482
-1.75851703406814 -68.4887908423649 -70.8996940707703 -67.7974433498248
-1.74849699398798 -68.0073826861477 -72.5356105430092 -67.3144315882953
-1.73847695390782 -67.5072018618817 -62.2212568800152 -66.8157393039188
-1.72845691382766 -66.9890534302466 -63.0043661291563 -66.3023592598236
-1.7184368737475 -66.4537268687045 -61.999362242523 -65.7747099088351
-1.70841683366733 -65.9019962339275 -63.8619782861215 -65.2327974546373
-1.69839679358717 -65.3346203234968 -69.3996268345802 -64.6761561824559
-1.68837675350701 -64.7523428368719 -71.3126864311903 -64.1041490251206
-1.67835671342685 -64.1558925356326 -61.3423906559138 -63.5167293492927
-1.66833667334669 -63.5459834029913 -65.5254564543639 -62.9147515888089
-1.65831663326653 -62.9233148025768 -66.6094208591041 -62.2987983851696
-1.64829659318637 -62.28857163649 -56.0862014060544 -61.6697787179834
-1.63827655310621 -61.6424245026297 -62.0981037735136 -61.0291403946679
-1.62825651302605 -60.985529851291 -68.2754748175169 -60.3776332754768
-1.61823647294589 -60.3185301410341 -54.624897714738 -59.7161408410864
-1.60821643286573 -59.6420539938249 -65.6316657403305 -59.0465338023654
-1.59819639278557 -58.9567163494463 -56.0447698970317 -58.3700464647919
-1.58817635270541 -58.2631186191816 -58.9502933990974 -57.6887362753362
-1.57815631262525 -57.5618488387689 -52.7899319970198 -57.0043700213976
-1.56813627254509 -56.853481820626 -54.5345794720765 -56.3188721850161
-1.55811623246493 -56.1385793053483 -49.1959770399816 -55.6336404434782
-1.54809619238477 -55.4176901124759 -50.8130133684579 -54.9498494374817
-1.53807615230461 -54.6913502905342 -54.1863137148122 -54.2678690997988
-1.52805611222445 -53.9600832663438 -53.1041679791342 -53.587552258693
-1.51803607214429 -53.224399993603 -48.6499597988089 -52.9087415480048
-1.50801603206413 -52.4847991007413 -56.23459956779 -52.2312191785398
-1.49799599198397 -51.7417670380437 -58.4052044022771 -51.5542350133849
-1.48797595190381 -50.9957782240472 -50.805726493935 -50.8775393381755
-1.47795591182365 -50.2472951912075 -50.827927013127 -50.2017388097208
-1.46793587174349 -49.4967687308381 -42.1072830136042 -49.5274311082246
-1.45791583166333 -48.74463803732 -47.7931784416419 -48.8552921874159
-1.44789579158317 -47.9913308515829 -40.7859656865833 -48.1850704825121
-1.43787575150301 -47.2372636038574 -50.1029076547897 -47.5163816645122
-1.42785571142285 -46.4828415556994 -46.0105827126964 -46.8479165163159
-1.41783567134269 -45.7284589412847 -45.4387954305199 -46.1786891365714
-1.40781563126253 -44.9744991079755 -38.9590124333522 -45.5076089572018
-1.39779559118236 -44.2213346561581 -49.3322516206867 -44.8334929234166
-1.3877755511022 -43.469327578352 -45.5068792349677 -44.1543394058601
-1.37775551102204 -42.7188293975901 -49.7879082116277 -43.4687091200135
-1.36773547094188 -41.9701813050699 -48.9472474417231 -42.7753318488368
-1.35771543086172 -41.2237142970773 -47.7877941526759 -42.0737272751766
-1.34769539078156 -40.4797493111798 -33.9795239534683 -41.3641865713283
-1.3376753507014 -39.7385973616925 -40.2898109037158 -40.6477151679471
-1.32765531062124 -39.0005596744148 -41.7974664824786 -39.9243954128612
-1.31763527054108 -38.2659278206386 -39.8001052180323 -39.1942649158656
-1.30761523046092 -37.5349838504272 -39.5877242071038 -38.4575954206388
-1.29759519038076 -36.8080004251667 -44.085251893103 -37.7147344008974
-1.2875751503006 -36.0852409493873 -31.7035117796936 -36.9661705964561
-1.27755511022044 -35.3669597018569 -29.5420541269182 -36.2131890618162
-1.26753507014028 -34.6534019659458 -39.7726104697486 -35.456417019127
-1.25751503006012 -33.9448041592622 -38.4477623312645 -34.6956477986708
-1.24749498997996 -33.2413939625598 -32.1532507206941 -33.9312142549111
-1.2374749498998 -32.5433904479157 -39.3319085853486 -33.1639182566282
-1.22745490981964 -31.851004206181 -35.4886945040387 -32.3943394271605
-1.21743486973948 -31.164437473701 -38.539707685712 -31.6238283886374
-1.20741482965932 -30.483884258308 -29.9994642307315 -30.8541225575731
-1.19739478957916 -29.8095304645852 -27.3427948971688 -30.0878238353937
-1.187374749499 -29.1415540184012 -32.2115243237443 -29.3274272912347
-1.17735470941884 -28.4801249907163 -21.5698778844202 -28.5750848656141
-1.16733466933868 -27.8254057206606 -27.1212406274305 -27.833309011179
-1.15731462925852 -27.1775509378823 -25.9740956258428 -27.1037365297039
-1.14729458917836 -26.5367078841679 -23.2917661253634 -26.3879152144153
-1.1372745490982 -25.903016434334 -24.3827282067329 -25.6872516534267
-1.12725450901804 -25.27660921639 -22.3525930539051 -25.0027654162155
-1.11723446893788 -24.6576117309718 -20.0885443780226 -24.3353130068282
-1.10721442885772 -24.0461424700476 -27.4376136915744 -23.6854196577662
-1.09719438877756 -23.4423130348941 -21.8742987535262 -23.053079755452
-1.08717434869739 -22.8462282533451 -16.2741663672319 -22.4387567105626
-1.07715430861723 -22.2579862963101 -22.3375947733007 -21.8427665861494
-1.06713426853707 -21.6776787935651 -14.4995330418923 -21.2646548714714
-1.05711422845691 -21.1053909488148 -14.4840857307919 -20.7040289093105
-1.04709418837675 -20.5412016540253 -23.091703544995 -20.1596504022202
-1.03707414829659 -19.9851836030285 -21.1032795689067 -19.6295035598565
-1.02705410821643 -19.4374034043985 -15.1884204259963 -19.1119390985183
-1.01703406813627 -18.8979216935977 -17.5149394894496 -18.6054919565057
-1.00701402805611 -18.3667932443961 -25.4244163367409 -18.1082066322847
-0.996993987975952 -17.8440670795604 -20.188176793519 -17.6179913052629
-0.986973947895792 -17.329786580815 -21.5278431970291 -17.1336686810609
-0.976953907815631 -16.8239895980743 -21.9338969134709 -16.6543827384854
-0.966933867735471 -16.3267085579464 -17.1995280064756 -16.1798267281575
-0.956913827655311 -15.8379705715077 -19.8105195706201 -15.7103538399704
-0.94689378757515 -15.3577975413494 -18.9029640752764 -15.2464447264767
-0.93687374749499 -14.8862062678944 -13.0210601127209 -14.7890925609458
-0.92685370741483 -14.4232085549865 -17.3846318731032 -14.3397475815652
-0.916833667334669 -13.9688113147505 -9.57636742551417 -13.8996390224668
-0.906813627254509 -13.523016671723 -6.1597003179105 -13.4703767283186
-0.896793587174349 -13.0858220662557 -6.59193876382329 -13.0530301348393
-0.886773547094188 -12.6572203571889 -19.3851741102636 -12.6477548431961
-0.876753507014028 -12.237199923797 -11.889670868783 -12.2538988181348
-0.866733466933868 -11.8257447670047 -4.52050128381652 -11.8716522018096
-0.856713426853708 -11.4228346098754 -15.3740835026684 -11.5011596078812
-0.846693386773547 -11.0284449973696 -5.56939165655503 -11.1416467561454
-0.836673346693387 -10.6425473953761 -12.090346158288 -10.7928234818847
-0.826653306613226 -10.2651092890133 -10.5383531962811 -10.4537030884945
-0.816633266533066 -9.89609428020219 -10.5766157288947 -10.1234610697045
-0.806613226452906 -9.53546218451096 -11.844483798914 -9.80128350050798
-0.796593186372745 -9.18316912727044 -11.7032319971601 -9.48641310023048
-0.786573146292585 -8.83916763896111 -4.81439734346931 -9.178347988235
-0.776553106212425 -8.50340674987131 -8.36938091088433 -8.87686338624659
-0.766533066132264 -8.17583208402677 -13.8185382598936 -8.5811890221597
-0.756513026052104 -7.85638595239147 -3.97714059043598 -8.2904911885594
-0.746492985971944 -7.54500744533975 -13.8943207993892 -8.00459084668544
-0.736472945891784 -7.24163252439975 -10.2802948777154 -7.72276978895282
-0.726452905811623 -6.94619411326811 -0.799434290002274 -7.44504602402065
-0.716432865731463 -6.65862218809607 -10.8991359099219 -7.17175725118411
-0.706412825651302 -6.37884386704674 -0.831300148079362 -6.90241046827164
-0.696392785571142 -6.10678349912371 -11.4005442913799 -6.63697859544401
-0.686372745490982 -5.84236275227106 -9.3798638681061 -6.37467566407196
-0.676352705410822 -5.58550070074451 -3.1061732027503 -6.11531115123826
-0.666332665330661 -5.33611391175397 1.84623896857975 -5.85907018255113
-0.656312625250501 -5.09411653137738 -9.76558678984217 -5.60576174137527
-0.646292585170341 -4.85942036974581 -5.69462818611527 -5.35423164743148
-0.63627254509018 -4.63193498549991 -10.0919979754464 -5.1038456985716
-0.62625250501002 -4.4115677695176 -4.12850121469228 -4.85401224221483
-0.61623246492986 -4.19822402791311 -7.0215099355706 -4.60476314481498
-0.606212424849699 -3.99180706430732 -6.74318521834083 -4.3560395839474
-0.596192384769539 -3.79221826136934 -9.91242265773837 -4.10808483053629
-0.586172344689379 -3.59935716162945 -6.61764561591168 -3.86144054871018
-0.576152304609219 -3.41312154756331 2.61845072568529 -3.61737394482596
-0.566132264529058 -3.23340752094751 1.4723434781892 -3.37749675087394
-0.556112224448898 -3.06010958148633 -5.4454641054456 -3.14264122076062
-0.546092184368737 -2.89312070470992 -2.09715267026742 -2.91303337836386
-0.536072144288577 -2.73233241914364 -4.00779958804451 -2.6891871004221
-0.526052104208417 -2.57763488274885 -2.46248684292772 -2.47151427858528
-0.516032064128257 -2.42891695863489 1.20047768583105 -2.26059163106429
-0.506012024048096 -2.28606629004237 -8.62381441283402 -2.05699474764057
-0.495991983967936 -2.14896937459783 4.24832749734431 -1.86086658443092
-0.485971943887776 -2.0175116378396 4.63763630355005 -1.67317095001032
-0.475951903807615 -1.89157750601506 -4.46207307892034 -1.4941080036935
-0.465931863727455 -1.7710504781491 -5.57904665959802 -1.32308905388852
-0.455911823647294 -1.65581319738399 1.30662658016091 -1.15989640463783
-0.445891783567134 -1.54574752159042 -0.41462753104085 -1.00484435468459
-0.435871743486974 -1.44073459324995 1.72718295154893 -0.857938887398865
-0.425851703406813 -1.34065490860871 -8.30785604813851 -0.719112209047765
-0.415831663326653 -1.2453883861024 1.50254680341292 -0.587973385668531
-0.405811623246493 -1.15481443405259 -6.27805007911546 -0.465080076278291
-0.395791583166333 -1.06881201763434 5.92468380175431 -0.350728624870538
-0.385771543086173 -0.98725972511508 2.23112660679257 -0.245941996689119
-0.375751503006012 -0.910035833364829 -7.13094542965569 -0.150958730424552
-0.365731462925852 -0.837018372637701 5.50788179763121 -0.0657077311919221
-0.355711422845691 -0.768085190624688 4.38899195544403 0.00900959755628402
-0.345691382765531 -0.703114015777778 1.82827040248969 0.0730885510586814
-0.335671342685371 -0.641982519905334 -2.34926377097416 0.126971922348621
-0.32565130260521 -0.58456838003881 0.0806077946415089 0.171321902190884
-0.31563126252505 -0.530749339570745 3.94596440208226 0.206491151888584
-0.30561122244489 -0.480403268664048 3.90355565491233 0.232820993481392
-0.295591182364729 -0.43340822393261 2.98570810682844 0.251120183165255
-0.285571142284569 -0.389642507393187 5.37949217486966 0.262656318968795
-0.275551102204409 -0.348984724688601 -5.29894272429892 0.269038822411096
-0.265531062124249 -0.311313842582232 -5.74045713724128 0.272516719493227
-0.255511022044088 -0.276509245723805 -3.96532646375778 0.274643038522919
-0.245490981963928 -0.244450792686492 -7.24622520829395 0.276219186075813
-0.235470941883768 -0.215018871275297 5.2781791509679 0.277516572539761
-0.225450901803607 -0.188094453106741 2.74018038674353 0.277866302753323
-0.215430861723447 -0.163559147459865 4.07908920063254 0.277224564377359
-0.205410821643286 -0.141295254398505 -4.55801792688552 0.275855334333231
-0.195390781563126 -0.121185817164891 2.30496799768649 0.274497822621831
-0.185370741482966 -0.103114673844524 4.24307493301864 0.273287005086399
-0.175350701402806 -0.0869665083023693 -5.06960132950248 0.272611666342058
-0.165330661322645 -0.0726269003903385 -5.47539249942449 0.273356814494923
-0.155310621242485 -0.0599823754260764 6.59026447159916 0.275739681026627
-0.145290581162325 -0.0489204529430415 -4.49782918658892 0.279258903754566
-0.135270541082165 -0.039329694711893 6.49366476235835 0.284202436094954
-0.125250501002004 -0.0310997520331692 -1.24377607259004 0.290261095452716
-0.115230460921844 -0.0241214123012718 -3.30420830951246 0.297901882023556
-0.105210420841683 -0.018286644839745 1.67912310614589 0.307400041357175
-0.0951903807615233 -0.0134886460078557 3.48338599282379 0.318580555229333
-0.0851703406813629 -0.00962188357847159 -6.00248373399516 0.331439870798886
-0.0751503006012024 -0.0065821403872408 5.02854922492276 0.346370035904392
-0.065130260521042 -0.00426655725306825 -5.20431681984769 0.362971357933807
-0.055110220440882 -0.00257367516989251 -2.24744764859205 0.381429416673716
-0.0450901803607215 -0.0014034767697613 -1.83999420504645 0.401233880888482
-0.0350701402805611 -0.000657427057206846 -4.29803628504858 0.421545809709309
-0.0250501002004007 -0.000238513414919711 7.18643358956478 0.441246108756658
-0.0150300601202407 -5.12848807222327E-05 7.04862256818727 0.458625735889147
-0.00501002004008022 -1.89069584102483E-06 2.58325916707742 0.472818797400495
0.00501002004007978 1.88187552124706E-06 -4.99674883261316 0.483783149188457
0.0150300601202402 5.05704553149789E-05 5.55940722687413 0.491740452196999
0.0250501002004007 0.000233001189473499 3.13866729935761 0.496227300872362
0.0350701402805607 0.000636253114443728 6.74607197400401 0.497413748007619
0.0450901803607211 0.00134562325241774 -2.25551883030028 0.495800151395658
0.0551102204408815 0.00244459243526497 -6.86939321788544 0.492667951107613
0.065130260521042 0.00401479185716533 4.10912073285714 0.488954672341908
0.0751503006012024 0.00613597035594314 -4.6352163078903 0.484677582650842
0.0851703406813624 0.00888596242310168 7.38970699900816 0.480306470344279
0.0951903807615229 0.0123406569425592 2.47655485009492 0.475671136995765
0.105210420841683 0.0165739666580845 3.15449593496446 0.47146505924493
0.115230460921843 0.0216577983694342 -7.23869949668195 0.468631824195539
0.125250501002004 0.0276620238571918 -3.68218746376501 0.468450397810826
0.135270541082164 0.0346544515363046 -0.300687686461359 0.471236329638912
0.145290581162325 0.0427007988383243 -0.0066886610759196 0.476786339495222
0.155310621242485 0.0518646653223472 -4.80082912215216 0.484800656693168
0.165330661322645 0.0622075065146548 0.763228659622416 0.494919076171093
0.175350701402806 0.0737886084770576 6.75564461122035 0.506120689144982
0.185370741482966 0.086665063103935 7.28131838634761 0.517418125528752
0.195390781563126 0.10089174414798 2.20687762386257 0.52860520572658
0.205410821643286 0.116521283974647 3.61491124517187 0.540321237675245
0.215430861723447 0.133604051045289 7.13899912053333 0.553415313363794
0.225450901803607 0.152188128129012 -3.40254879997948 0.569120848532209
0.235470941883768 0.172319291243217 -4.54837671808942 0.589494456896369
0.245490981963928 0.194040989322847 -6.41887472593242 0.616096293466092
0.255511022044088 0.217394324618341 2.12937250579608 0.649844279354319
0.265531062124249 0.242418033822277 -6.52357864922488 0.690776964296567
0.275551102204409 0.269148469924721 -6.98075926709098 0.739117839056661
0.285571142284569 0.297619584797288 4.6133502635604 0.794188599946732
0.295591182364729 0.327862912505881 5.97763642274859 0.854345958640646
0.30561122244489 0.359907553352152 5.15551199573606 0.918424022020219
0.31563126252505 0.393780158643649 6.20030607790714 0.985897308275281
0.32565130260521 0.429504916192675 3.80910590297495 1.05676997159238
0.335671342685371 0.467103536543844 -5.37350917313701 1.13169796725425
0.345691382765531 0.506595239930328 -6.41337671806801 1.21168129253509
0.355711422845691 0.547996743958822 4.91479390239139 1.29690679381649
0.365731462925852 0.5913222520232 -5.70092243928178 1.38660818522878
0.375751503006012 0.636583442446868 -3.5914870996428 1.4804714167908
0.385771543086173 0.683789458353828 5.03788831287237 1.57729649719338
0.395791583166333 0.732946898268433 6.75503155561437 1.67524944031276
0.405811623246493 0.784059807443852 -0.269954867202004 1.77292883400215
0.415831663326653 0.837129669919233 4.51147640523572 1.86956823887918
0.425851703406814 0.892155401305555 -0.201341955836369 1.96414585509882
0.435871743486974 0.949133342300198 2.70483225193665 2.05597012133685
0.445891783567134 1.00805725293021 7.06754503560948 2.14407879029266
0.455911823647295 1.06891830752427 4.32615024140731 2.22759072243198
0.465931863727455 1.13170509041335 6.34869272761885 2.30624021150121
0.475951903807616 1.19640359236006 -0.933122904332282 2.3800238711866
0.485971943887776 1.26299720771676 3.61233640503639 2.44944362173895
0.495991983967936 1.33146673231231 -3.56071345363534 2.51458724006208
0.506012024048097 1.40179036206751 6.36217848068307 2.57568786465776
0.516032064128257 1.47394369233931 -2.00529116839535 2.63221922144102
0.526052104208417 1.54789971799365 9.03991849772967 2.68412834765391
0.536072144288577 1.62362883420705 -0.933683192439552 2.73078259173975
0.546092184368738 1.70109883799687 8.28596993457291 2.7723437759106
0.556112224448897 1.78027493048029 -2.72187085349643 2.80851566415551
0.566132264529058 1.86111971986198 3.47521330438929 2.83969122373339
0.576152304609218 1.94359322515048 2.30272353265126 2.8655721235884
0.586172344689379 2.02765288060326 7.8860043167481 2.8859394729248
0.596192384769539 2.11325354090051 5.44441090617008 2.900504024873
0.606212424849699 2.20034748704761 9.59450635977406 2.90960154066886
0.61623246492986 2.28888443300631 6.14389811102199 2.91388576990843
0.62625250501002 2.3788115330546 0.921728576045244 2.91484607529012
0.63627254509018 2.47007338987532 -3.29887908378233 2.91437557105499
0.64629258517034 2.56261206337338 7.73122181414183 2.91411823175672
0.656312625250501 2.6563670802218 7.48776312926468 2.9149413751171
0.666332665330661 2.75127544413637 -0.388682837697291 2.91831445680573
0.676352705410821 2.84727164687901 -2.52196513106233 2.92627853521149
0.686372745490982 2.94428767998989 2.02891749999056 2.94046129406144
0.696392785571142 3.04225304724819 6.12606642890139 2.96180938662434
0.706412825651302 3.1410947778616 -2.91935431830794 2.99115552319473
0.716432865731463 3.24073744038447 0.669829135581909 3.02972794619739
0.726452905811623 3.34110315736476 -1.83113969441049 3.07801608432694
0.736472945891784 3.44211162071956 -2.8853197133827 3.13621437892668
0.746492985971944 3.54368010783943 -0.796319337800126 3.20390362686753
0.756513026052104 3.64572349842132 10.9697667243021 3.27991193325893
0.766533066132264 3.74815429203038 4.34704671866034 3.36256737533968
0.776553106212425 3.85088262639021 6.04044678864527 3.45115926219749
0.786573146292585 3.95381629640203 0.673632504390136 3.54509996283798
0.796593186372745 4.0568607738925 1.6867131247542 3.64412550720758
0.806613226452906 4.15991922809012 8.35490977206235 3.74761299182041
0.816633266533066 4.26289254683049 7.12642236047568 3.85469483664279
0.826653306613227 4.36567935849019 2.26643242415487 3.96507937373856
0.836673346693387 4.46817605464939 6.17608691936015 4.07888390111205
0.846693386773547 4.5702768134831 -2.24033779488975 4.19601338589888
0.856713426853708 4.67187362388121 5.44671292699978 4.31663494561196
0.866733466933868 4.77285631029717 10.5873634498246 4.44011115386661
0.876753507014028 4.87311255832541 3.31002557175429 4.56594584402581
0.886773547094188 4.97252794100739 0.0470441347504975 4.69441125598954
0.896793587174349 5.07098594586645 10.1531597718448 4.82562263962375
0.906813627254509 5.16836800267129 0.421071576576547 4.95911432390423
0.916833667334669 5.26455351192815 6.1131785131224 5.09508657994829
0.92685370741483 5.35941987410177 2.77299789586726 5.23317242352986
0.93687374749499 5.45284251956493 -1.02421599118609 5.37313213191447
0.94689378757515 5.5446949392768 11.6726207238963 5.51441846055173
0.956913827655311 5.63484871618991 8.22582036352837 5.65568449637584
0.966933867735471 5.72317355738588 3.35460324971173 5.79635310160392
0.976953907815632 5.80953732693982 2.98499244345555 5.93616840543651
0.986973947895792 5.89380607951343 9.98089523838143 6.07456931834264
0.996993987975952 5.97584409467681 -0.296064171686814 6.2106258537961
1.00701402805611 6.05551391195898 4.95270412767567 6.34389631601067
1.01703406813627 6.13267636662708 9.21890078177393 6.47312567294698
1.02705410821643 6.20719062619428 12.4930343095013 6.59688499354209
1.03707414829659 6.27891422765637 13.0444400433228 6.71408856862168
1.04709418837675 6.34770311545714 0.0159720256790186 6.8243877076759
1.05711422845691 6.4134116801823 6.44470810360042 6.92822501412927
1.06713426853707 6.47589279798227 0.668900789022867 7.02519203944606
1.07715430861723 6.53499787072356 12.8544479845618 7.11481989547669
1.0871743486974 6.59057686686889 0.873264285861842 7.19584515766531
1.09719438877756 6.64247836308599 13.4033062337813 7.26772185496721
1.10721442885772 6.69054958658514 9.08951137597845 7.32911369372868
1.11723446893788 6.7346364581854 13.6591658804576 7.37945132834337
1.12725450901804 6.77458363610948 2.91389773562215 7.41838546291523
1.1372745490982 6.81023456050739 7.53873364579053 7.4463517658672
1.14729458917836 6.8414314987088 13.4775983200061 7.46322284465634
1.15731462925852 6.86801559120395 3.89864465028521 7.46888285447467
1.16733466933868 6.88982689835349 5.3440875107045 7.46396774744864
1.17735470941884 6.90670444782684 11.2417106261067 7.44866719592919
1.187374749499 6.9184862827693 0.460148417484503 7.42290588723765
1.19739478957916 6.92500951069795 3.81877995834784 7.38708263912413
1.20741482965932 6.92611035312607 13.4429992626415 7.34072592465503
1.21743486973948 6.92162419591645 12.8447529006539 7.28291817906165
1.22745490981964 6.91138564036328 13.9676326686788 7.21350462174251
1.2374749498998 6.89522855500278 8.39768454902507 7.13302570143639
1.24749498997996 6.87298612815253 7.20409593590047 7.04286613288787
1.25751503006012 6.8444909211795 7.43541682381572 6.94456871319754
1.26753507014028 6.80957492249679 -0.674911404071262 6.83969639319133
1.27755511022044 6.76806960228904 0.572885261264815 6.729873479709
1.2875751503006 6.71980596796655 1.7644488492448 6.61578495361567
1.29759519038076 6.66461462034819 7.23364352737018 6.49734617224914
1.30761523046092 6.60232581057281 8.79493934412769 6.37386607593418
1.31763527054108 6.53276949773957 2.45620680785381 6.24474564216493
1.32765531062124 6.45577540727685 12.0582504106639 6.10968848259408
1.3376753507014 6.37117309003987 1.86289756439159 5.96792464152001
1.34769539078156 6.27879198213704 12.511454117282 5.81942773348212
1.35771543086172 6.17846146548497 -0.212772405689647 5.66365824463516
1.36773547094188 6.07001092909226 10.1476970594305 5.50091316443188
1.37775551102204 5.95326983107189 4.58849708107013 5.33075492849371
1.3877755511022 5.82806776138239 6.36770971587127 5.15332682042897
1.39779559118236 5.69423450529762 6.35232347350665 4.96867934161506
1.40781563126253 5.55160010760543 4.6334314196834 4.77701479129129
1.41783567134269 5.39999493753479 12.395051963224 4.57870842421348
1.42785571142285 5.23924975441177 1.8934753488477 4.37411754721598
1.43787575150301 5.06919577404418 0.88288409709198 4.16457651007553
1.44789579158317 4.88966473583496 0.0728767724200239 3.95110958229408
1.45791583166333 4.70048897062411 0.528663122257131 3.73433082182193
1.46793587174349 4.50150146925959 1.71081237094117 3.51436950750818
1.47795591182365 4.29253595189662 8.47761488837897 3.29095420973945
1.48797595190381 4.07342693802595 -1.53979839402241 3.06358805426033
1.49799599198397 3.84400981723059 5.44130654276882 2.83242249940021
1.50801603206413 3.60412092067148 0.240831955658936 2.59703358018246
1.51803607214429 3.35359759330166 4.15002110734764 2.35732344213585
1.52805611222445 3.09227826680922 -0.773928751390256 2.11289970558611
1.53807615230461 2.82000253328898 2.51332124450708 1.86359407806711
1.54809619238477 2.53661121964285 -2.75218595623618 1.6088774135556
1.55811623246493 2.24194646270882 2.71600797368805 1.34830178192414
1.56813627254509 1.93585178511886 5.46582917195015 1.08087412012406
1.57815631262525 1.61817217188516 -1.09844013883015 0.805772328380657
1.58817635270541 1.28875414771545 0.223170155633951 0.522722426300717
1.59819639278557 0.947445855056884 1.52478886264254 0.231212406932619
1.60821643286573 0.594097132868349 0.609879882854523 -0.0693071807090922
1.61823647294589 0.228559596122025 -6.88324807181315 -0.379224090552906
1.62825651302605 -0.149313283966833 3.6254939485932 -0.698841178144366
1.63827655310621 -0.539666098981201 0.673992412989765 -1.02927430202667
1.64829659318637 -0.942641421614866 -3.87442708447444 -1.37109877885219
1.65831663326653 -1.35837972325648 -2.3828552439774 -1.7246770169339
1.66833667334669 -1.78701929084463 -7.96496487195945 -2.09068434062299
1.67835671342685 -2.22869614299466 -9.08110651783371 -2.46987834654902
1.68837675350701 -2.68354394539618 -0.687706995258047 -2.86375091640798
1.69839679358717 -3.15169392548236 2.37570676698959 -3.27462033541726
1.70841683366733 -3.63327478637039 -3.18033185762734 -3.70453288330411
1.71843687374749 -4.12841262007321 3.19062074227956 -4.15482854890799
1.72845691382765 -4.63723081998239 -8.3418665961914 -4.62678179594013
1.73847695390782 -5.15984999262275 -4.77627682611659 -5.12074890695038
1.74849699398798 -5.69638786867772 -0.384448733105804 -5.63755055008861
1.75851703406814 -6.24695921328635 0.77487267053987 -6.1779643344946
1.7685370741483 -6.81167573561163 -5.04277262531009 -6.742111231581
1.77855711422846 -7.39064599767997 -3.64808729241221 -7.32924310813482
1.78857715430862 -7.98397532249196 -9.16473136505473 -7.93839941361731
1.79859719438878 -8.59176570140451 -11.5888300452896 -8.56815945301273
1.80861723446894 -9.2141157007845 -13.3325006998299 -9.21725582279929
1.8186372745491 -9.85112036793321 -14.0206856309836 -9.88479870327923
1.82865731462926 -10.5028711362824 -3.58483014525823 -10.5704126803644
1.83867735470942 -11.1694557298617 -10.2221095741217 -11.2742393258327
1.84869739478958 -11.8509580670375 -15.4186401950029 -11.995547013645
1.85871743486974 -12.5474581635221 -18.6512681440132 -12.7334726015433
1.8687374749499 -13.259032034656 -5.96938770634226 -13.4875808339173
1.87875751503006 -13.9857515969594 -15.5765953047904 -14.2581761795994
1.88877755511022 -14.7276845689568 -21.447162918726 -15.0446233332812
1.89879759519038 -15.4848943712715 -17.2262937471058 -15.8464517920447
1.90881763527054 -16.2574400259926 -18.6786512839986 -16.6639913704205
1.9188376753507 -17.0453760553123 -17.7510776142588 -17.4977443631832
1.92885771543086 -17.848752379435 -10.6479411373553 -18.3484648975967
1.93887775551102 -18.6676142137578 -11.2053152668545 -19.2169387675814
1.94889779559118 -19.5020019653218 -26.3596957470989 -20.1029892015875
1.95891783567134 -20.3519511285352 -21.6583121485221 -21.0054379751279
1.9689378757515 -21.2174921801679 -25.4972423870388 -21.9238889520332
1.97895791583166 -22.0986504736163 -19.1580833911513 -22.8580276054063
1.98897795591182 -22.9954461324403 -16.7499721465329 -23.8079860775289
1.99899799599198 -23.9078939431718 -20.2002063858658 -24.7734340176562
2.00901803607214 -24.8360032473939 -30.3298835146461 -25.7531588233022
2.01903807615231 -25.7797778330914 -29.2180565565708 -26.7453762385265
2.02905811623246 -26.7392158252729 -32.0499738389287 -27.7488740979755
2.03907815631263 -27.7143095758646 -31.3549356003849 -28.7627493213351
2.04909819639279 -28.7050455528741 -35.0606917560789 -29.786636465759
2.05911823647295 -29.7114042288268 -32.8937265561921 -30.8204941116857
2.06913827655311 -30.7333599684731 -33.7323006782181 -31.864940096465
2.07915831663327 -31.7708809157667 -28.5206611004724 -32.9208514115023
2.08917835671343 -32.8239288801147 -30.9425493044685 -33.9893384682757
2.09919839679359 -33.8924592218982 -38.7030882816034 -35.0709616544744
2.10921843687375 -34.9764207372654 -28.7712623365877 -36.1659005091421
2.11923847695391 -36.0757555421946 -28.788336860631 -37.2747885871511
2.12925851703407 -37.1903989558299 -31.2262552239824 -38.3973351136019
2.13927855711423 -38.3202793830867 -43.8887990312831 -39.5321885071292
2.14929859719439 -39.4653181965301 -42.2695901898991 -40.6771008013816
2.15931863727455 -40.6254296175232 -43.9400816044866 -41.8303686063233
2.16933867735471 -41.8005205966476 -48.3303692556069 -42.9904875930918
2.17935871743487 -42.9904906933949 -47.6630296165749 -44.1562171469497
2.18937875751503 -44.1952319551291 -46.9138913151927 -45.3269841383672
2.19939879759519 -45.4146287953216 -49.7426044776901 -46.5026537893732
2.20941883767535 -46.6485578710554 -47.4626777200901 -47.6832896853939
2.21943887775551 -47.8968879598029 -44.9839898330866 -48.8693604056914
2.22945891783567 -49.1594798354728 -41.7924118605426 -50.0613069530321
2.23947895791583 -50.4361861437309 -54.1989498177585 -51.2590846588609
2.24949899799599 -51.7268512765888 -51.2782393261109 -52.4616152427361
2.25951903807615 -53.0313112462674 -59.3726667585779 -53.6681879073611
2.26953907815631 -54.3493935583293 -61.7311714380563 -54.8779439334493
2.27955911823647 -55.6809170840833 -59.3478518071956 -56.0907376615709
2.28957915831663 -57.0256919322606 -57.2844249839773 -57.307280085734
2.29959919839679 -58.3835193199614 -59.2652191644026 -58.5286893392149
2.30961923847695 -59.7541914428737 -55.9526093521767 -59.7560806984022
2.31963927855711 -61.1374913447628 -54.8091553169262 -60.9906615059128
2.32965931863727 -62.5331927862319 -57.5361080668715 -62.2331636704451
2.33967935871743 -63.9410601127554 -61.3295037126242 -63.4835464124239
2.3496993987976 -65.3608481219813 -70.3640321986142 -64.7411818203238
2.35971943887776 -66.792301930307 -59.972408205873 -66.0051727272818
2.36973947895792 -68.2351568387249 -74.5939640881195 -67.2753248227322
2.37975951903808 -69.6891381979402 -66.6304711823958 -68.5506897005439
2.38977955911824 -71.1539612727595 -71.3509689138147 -69.8312337844944
2.3997995991984 -72.6293311057511 -65.5146909063513 -71.1166834710461
2.40981963927856 -74.1149423801762 -69.7198116509223 -72.4069551235527
2.41983967935872 -75.6104792821916 -79.0710547691723 -73.7012648562975
2.42985971943888 -77.1156153623237 -73.0878386458009 -74.9984928906294
2.43987975951904 -78.6300133962134 -73.0388626862774 -76.2981906716365
2.4498997995992 -80.1533252446338 -80.5998830211457 -77.5996708126266
2.45991983967936 -81.6851917127765 -83.893821652346 -78.9018385109089
2.46993987975952 -83.2252424088125 -82.3950876996064 -80.2039739903191
2.47995991983968 -84.7730956017209 -79.5037647114448 -81.5059814725852
2.48997995991984 -86.3283580783921 -83.5617871381199 -82.8080390686492
2.5 -87.890625 -83.9336667948137 -84.1100856385354
