0.015625 1
0.03125 1
0.046875 1
0.0625 1
0.078125 1
0.09375 1
0.109375 1
0.125 1
0.140625 1
0.15625 1
0.171875 1
0.1875 1
0.203125 1
0.21875 1
0.234375 1
0.25 1
0.265625 1
0.28125 1
0.296875 1
0.3125 1
0.328125 1
0.34375 1
0.359375 1
0.375 1
0.390625 1
0.40625 1
0.421875 1
0.4375 1
0.453125 1
0.46875 1
0.484375 1
0.5 1
0.515625 1
0.53125 1
0.546875 1
0.5625 1
0.578125 1
0.59375 1
0.609375 1
0.625 1
0.640625 1
0.65625 1
0.671875 1
0.6875 1
0.703125 1
0.71875 1
0.734375 1
0.75 1
0.765625 1
0.78125 1
0.796875 1
0.8125 1
0.828125 1
0.84375 1
0.859375 1
0.875 1
0.890625 1
0.90625 1
0.921875 1
0.9375 1
0.953125 1
0.96875 1
0.984375 1
1 1
1.015625 1
1.03125 1
1.046875 1
1.0625 1
1.078125 1
1.09375 1
1.109375 1
1.125 1
1.140625 1
1.15625 1
1.171875 1
1.1875 1
1.203125 1
1.21875 1
1.234375 1
1.25 1
1.265625 1
1.28125 1
1.296875 1
1.3125 1
1.328125 1
1.34375 1
1.359375 1
1.375 1
1.390625 1
1.40625 1
1.421875 1
1.4375 1
1.453125 1
1.46875 1
1.484375 1
1.5 1
1.515625 1
1.53125 1
1.546875 1
1.5625 1
1.578125 1
1.59375 1
1.609375 1
1.625 1
1.640625 1
1.65625 1
1.671875 1
1.6875 1
1.703125 1
1.71875 1
1.734375 1
1.75 1
1.765625 1
1.78125 1
1.796875 1
1.8125 1
1.828125 1
1.84375 1
1.859375 1
1.875 1
1.890625 1
1.90625 1
1.921875 1
1.9375 1
1.953125 1
1.96875 1
1.984375 1
2 1
2.015625 1
2.03125 1
2.046875 1
2.0625 1
2.078125 1
2.09375 1
2.109375 1
2.125 1
2.140625 1
2.15625 1
2.171875 1
2.1875 1
2.203125 1
2.21875 1
2.234375 1
2.25 1
2.265625 1
2.28125 1
2.296875 1
2.3125 1
2.328125 1
2.34375 1
2.359375 1
2.375 1
2.390625 1
2.40625 1
2.421875 1
2.4375 1
2.453125 1
2.46875 1
2.484375 1
2.5 1
2.515625 1
2.53125 1
2.546875 1
2.5625 1
2.578125 1
2.59375 1
2.609375 1
2.625 1
2.640625 1
2.65625 1
2.671875 1
2.6875 1
2.703125 1
2.71875 1
2.734375 1
2.75 1
2.765625 1
2.78125 1
2.796875 1
2.8125 1
2.828125 1
2.84375 1
2.859375 1
2.875 1
2.890625 1
2.90625 1
2.921875 1
2.9375 1
2.953125 1
2.96875 1
2.984375 1
3 1
3.015625 1
3.03125 1
3.046875 1
3.0625 1
3.078125 1
3.09375 1
3.109375 1
3.125 1
3.140625 1
3.15625 1
3.171875 1
3.1875 1
3.203125 1
3.21875 1
3.234375 1
3.25 1
3.265625 1
3.28125 1
3.296875 1
3.3125 1
3.328125 1
3.34375 1
3.359375 1
3.375 1
3.390625 1
3.40625 1
3.421875 1
3.4375 1
3.453125 1
3.46875 1
3.484375 1
3.5 1
3.515625 1
3.53125 1
3.546875 1
3.5625 1
3.578125 1
3.59375 1
3.609375 1
3.625 1
3.640625 1
3.65625 1
3.671875 1
3.6875 1
3.703125 1
3.71875 1
3.734375 1
3.75 1
3.765625 1
3.78125 1
3.796875 1
3.8125 1
3.828125 1
3.84375 1
3.859375 1
3.875 1
3.890625 1
3.90625 1
3.921875 1
3.9375 1
3.953125 1
3.96875 1
3.984375 1
4 1
4.015625 1.0625
4.03125 1.125
4.046875 1.1875
4.0625 1.25
4.078125 1.3125
4.09375 1.375
4.109375 1.4375
4.125 1.5
4.140625 1.5625
4.15625 1.625
4.171875 1.6875
4.1875 1.75
4.203125 1.8125
4.21875 1.875
4.234375 1.9375
4.25 2
4.265625 2.0625
4.28125 2.125
4.296875 2.1875
4.3125 2.25
4.328125 2.3125
4.34375 2.375
4.359375 2.4375
4.375 2.5
4.390625 2.5625
4.40625 2.625
4.421875 2.6875
4.4375 2.75
4.453125 2.8125
4.46875 2.875
4.484375 2.9375
4.5 3
4.515625 3.0625
4.53125 3.125
4.546875 3.1875
4.5625 3.25
4.578125 3.3125
4.59375 3.375
4.609375 3.4375
4.625 3.5
4.640625 3.5625
4.65625 3.625
4.671875 3.6875
4.6875 3.75
4.703125 3.8125
4.71875 3.875
4.734375 3.9375
4.75 4
4.765625 4.0625
4.78125 4.125
4.796875 4.1875
4.8125 4.25
4.828125 4.3125
4.84375 4.375
4.859375 4.4375
4.875 4.5
4.890625 4.5625
4.90625 4.625
4.921875 4.6875
4.9375 4.75
4.953125 4.8125
4.96875 4.875
4.984375 4.9375
5 5
5.015625 5.015625
5.03125 5.03125
5.046875 5.046875
5.0625 5.0625
5.078125 5.078125
5.09375 5.09375
5.109375 5.109375
5.125 5.125
5.140625 5.140625
5.15625 5.15625
5.171875 5.171875
5.1875 5.1875
5.203125 5.203125
5.21875 5.21875
5.234375 5.234375
5.25 5.25
5.265625 5.265625
5.28125 5.28125
5.296875 5.296875
5.3125 5.3125
5.328125 5.328125
5.34375 5.34375
5.359375 5.359375
5.375 5.375
5.390625 5.390625
5.40625 5.40625
5.421875 5.421875
5.4375 5.4375
5.453125 5.453125
5.46875 5.46875
5.484375 5.484375
5.5 5.5
5.515625 5.515625
5.53125 5.53125
5.546875 5.546875
5.5625 5.5625
5.578125 5.578125
5.59375 5.59375
5.609375 5.609375
5.625 5.625
5.640625 5.640625
5.65625 5.65625
5.671875 5.671875
5.6875 5.6875
5.703125 5.703125
5.71875 5.71875
5.734375 5.734375
5.75 5.75
5.765625 5.765625
5.78125 5.78125
5.796875 5.796875
5.8125 5.8125
5.828125 5.828125
5.84375 5.84375
5.859375 5.859375
5.875 5.875
5.890625 5.890625
5.90625 5.90625
5.921875 5.921875
5.9375 5.9375
5.953125 5.953125
5.96875 5.96875
5.984375 5.984375
6 6
6.015625 6.015625
6.03125 6.03125
6.046875 6.046875
6.0625 6.0625
6.078125 6.078125
6.09375 6.09375
6.109375 6.109375
6.125 6.125
6.140625 6.140625
6.15625 6.15625
6.171875 6.171875
6.1875 6.1875
6.203125 6.203125
6.21875 6.21875
6.234375 6.234375
6.25 6.25
6.265625 6.265625
6.28125 6.28125
6.296875 6.296875
6.3125 6.3125
6.328125 6.328125
6.34375 6.34375
6.359375 6.359375
6.375 6.375
6.390625 6.390625
6.40625 6.40625
6.421875 6.421875
6.4375 6.4375
6.453125 6.453125
6.46875 6.46875
6.484375 6.484375
6.5 6.5
6.515625 6.515625
6.53125 6.53125
6.546875 6.546875
6.5625 6.5625
6.578125 6.578125
6.59375 6.59375
6.609375 6.609375
6.625 6.625
6.640625 6.640625
6.65625 6.65625
6.671875 6.671875
6.6875 6.6875
6.703125 6.703125
6.71875 6.71875
6.734375 6.734375
6.75 6.75
6.765625 6.765625
6.78125 6.78125
6.796875 6.796875
6.8125 6.8125
6.828125 6.828125
6.84375 6.84375
6.859375 6.859375
6.875 6.875
6.890625 6.890625
6.90625 6.90625
6.921875 6.921875
6.9375 6.9375
6.953125 6.953125
6.96875 6.96875
6.984375 6.984375
7 7
7.015625 7.015625
7.03125 7.03125
7.046875 7.046875
7.0625 7.0625
7.078125 7.078125
7.09375 7.09375
7.109375 7.109375
7.125 7.125
7.140625 7.140625
7.15625 7.15625
7.171875 7.171875
7.1875 7.1875
7.203125 7.203125
7.21875 7.21875
7.234375 7.234375
7.25 7.25
7.265625 7.265625
7.28125 7.28125
7.296875 7.296875
7.3125 7.3125
7.328125 7.328125
7.34375 7.34375
7.359375 7.359375
7.375 7.375
7.390625 7.390625
7.40625 7.40625
7.421875 7.421875
7.4375 7.4375
7.453125 7.453125
7.46875 7.46875
7.484375 7.484375
7.5 7.5
7.515625 7.515625
7.53125 7.53125
7.546875 7.546875
7.5625 7.5625
7.578125 7.578125
7.59375 7.59375
7.609375 7.609375
7.625 7.625
7.640625 7.640625
7.65625 7.65625
7.671875 7.671875
7.6875 7.6875
7.703125 7.703125
7.71875 7.71875
7.734375 7.734375
7.75 7.75
7.765625 7.765625
7.78125 7.78125
7.796875 7.796875
7.8125 7.8125
7.828125 7.828125
7.84375 7.84375
7.859375 7.859375
7.875 7.875
7.890625 7.890625
7.90625 7.90625
7.921875 7.921875
7.9375 7.9375
7.953125 7.953125
7.96875 7.96875
7.984375 7.984375
8 8
8.015625 8.015625
8.03125 8.03125
8.046875 8.046875
8.0625 8.0625
8.078125 8.078125
8.09375 8.09375
8.109375 8.109375
8.125 8.125
8.140625 8.140625
8.15625 8.15625
8.171875 8.171875
8.1875 8.1875
8.203125 8.203125
8.21875 8.21875
8.234375 8.234375
8.25 8.25
8.265625 8.265625
8.28125 8.28125
8.296875 8.296875
8.3125 8.3125
8.328125 8.328125
8.34375 8.34375
8.359375 8.359375
8.375 8.375
8.390625 8.390625
8.40625 8.40625
8.421875 8.421875
8.4375 8.4375
8.453125 8.453125
8.46875 8.46875
8.484375 8.484375
8.5 8.5
8.515625 8.515625
8.53125 8.53125
8.546875 8.546875
8.5625 8.5625
8.578125 8.578125
8.59375 8.59375
8.609375 8.609375
8.625 8.625
8.640625 8.640625
8.65625 8.65625
8.671875 8.671875
8.6875 8.6875
8.703125 8.703125
8.71875 8.71875
8.734375 8.734375
8.75 8.75
8.765625 8.765625
8.78125 8.78125
8.796875 8.796875
8.8125 8.8125
8.828125 8.828125
8.84375 8.84375
8.859375 8.859375
8.875 8.875
8.890625 8.890625
8.90625 8.90625
8.921875 8.921875
8.9375 8.9375
8.953125 8.953125
8.96875 8.96875
8.984375 8.984375
9 9
9.015625 10.421875
9.03125 11.84375
9.046875 13.265625
9.0625 14.6875
9.078125 16.109375
9.09375 17.53125
9.109375 18.953125
9.125 20.375
9.140625 21.796875
9.15625 23.21875
9.171875 24.640625
9.1875 26.0625
9.203125 27.484375
9.21875 28.90625
9.234375 30.328125
9.25 31.75
9.265625 33.171875
9.28125 34.59375
9.296875 36.015625
9.3125 37.4375
9.328125 38.859375
9.34375 40.28125
9.359375 41.703125
9.375 43.125
9.390625 44.546875
9.40625 45.96875
9.421875 47.390625
9.4375 48.8125
9.453125 50.234375
9.46875 51.65625
9.484375 53.078125
9.5 54.5
9.515625 55.921875
9.53125 57.34375
9.546875 58.765625
9.5625 60.1875
9.578125 61.609375
9.59375 63.03125
9.609375 64.453125
9.625 65.875
9.640625 67.296875
9.65625 68.71875
9.671875 70.140625
9.6875 71.5625
9.703125 72.984375
9.71875 74.40625
9.734375 75.828125
9.75 77.25
9.765625 78.671875
9.78125 80.09375
9.796875 81.515625
9.8125 82.9375
9.828125 84.359375
9.84375 85.78125
9.859375 87.203125
9.875 88.625
9.890625 90.046875
9.90625 91.46875
9.921875 92.890625
9.9375 94.3125
9.953125 95.734375
9.96875 97.15625
9.984375 98.578125
10 100
10.015625 100.328125
10.03125 100.65625
10.046875 100.984375
10.0625 101.3125
10.078125 101.640625
10.09375 101.96875
10.109375 102.296875
10.125 102.625
10.140625 102.953125
10.15625 103.28125
10.171875 103.609375
10.1875 103.9375
10.203125 104.265625
10.21875 104.59375
10.234375 104.921875
10.25 105.25
10.265625 105.578125
10.28125 105.90625
10.296875 106.234375
10.3125 106.5625
10.328125 106.890625
10.34375 107.21875
10.359375 107.546875
10.375 107.875
10.390625 108.203125
10.40625 108.53125
10.421875 108.859375
10.4375 109.1875
10.453125 109.515625
10.46875 109.84375
10.484375 110.171875
10.5 110.5
10.515625 110.828125
10.53125 111.15625
10.546875 111.484375
10.5625 111.8125
10.578125 112.140625
10.59375 112.46875
10.609375 112.796875
10.625 113.125
10.640625 113.453125
10.65625 113.78125
10.671875 114.109375
10.6875 114.4375
10.703125 114.765625
10.71875 115.09375
10.734375 115.421875
10.75 115.75
10.765625 116.078125
10.78125 116.40625
10.796875 116.734375
10.8125 117.0625
10.828125 117.390625
10.84375 117.71875
10.859375 118.046875
10.875 118.375
10.890625 118.703125
10.90625 119.03125
10.921875 119.359375
10.9375 119.6875
10.953125 120.015625
10.96875 120.34375
10.984375 120.671875
11 121
11.015625 121.359375
11.03125 121.71875
11.046875 122.078125
11.0625 122.4375
11.078125 122.796875
11.09375 123.15625
11.109375 123.515625
11.125 123.875
11.140625 124.234375
11.15625 124.59375
11.171875 124.953125
11.1875 125.3125
11.203125 125.671875
11.21875 126.03125
11.234375 126.390625
11.25 126.75
11.265625 127.109375
11.28125 127.46875
11.296875 127.828125
11.3125 128.1875
11.328125 128.546875
11.34375 128.90625
11.359375 129.265625
11.375 129.625
11.390625 129.984375
11.40625 130.34375
11.421875 130.703125
11.4375 131.0625
11.453125 131.421875
11.46875 131.78125
11.484375 132.140625
11.5 132.5
11.515625 132.859375
11.53125 133.21875
11.546875 133.578125
11.5625 133.9375
11.578125 134.296875
11.59375 134.65625
11.609375 135.015625
11.625 135.375
11.640625 135.734375
11.65625 136.09375
11.671875 136.453125
11.6875 136.8125
11.703125 137.171875
11.71875 137.53125
11.734375 137.890625
11.75 138.25
11.765625 138.609375
11.78125 138.96875
11.796875 139.328125
11.8125 139.6875
11.828125 140.046875
11.84375 140.40625
11.859375 140.765625
11.875 141.125
11.890625 141.484375
11.90625 141.84375
11.921875 142.203125
11.9375 142.5625
11.953125 142.921875
11.96875 143.28125
11.984375 143.640625
12 144
12.015625 144.390625
12.03125 144.78125
12.046875 145.171875
12.0625 145.5625
12.078125 145.953125
12.09375 146.34375
12.109375 146.734375
12.125 147.125
12.140625 147.515625
12.15625 147.90625
12.171875 148.296875
12.1875 148.6875
12.203125 149.078125
12.21875 149.46875
12.234375 149.859375
12.25 150.25
12.265625 150.640625
12.28125 151.03125
12.296875 151.421875
12.3125 151.8125
12.328125 152.203125
12.34375 152.59375
12.359375 152.984375
12.375 153.375
12.390625 153.765625
12.40625 154.15625
12.421875 154.546875
12.4375 154.9375
12.453125 155.328125
12.46875 155.71875
12.484375 156.109375
12.5 156.5
12.515625 156.890625
12.53125 157.28125
12.546875 157.671875
12.5625 158.0625
12.578125 158.453125
12.59375 158.84375
12.609375 159.234375
12.625 159.625
12.640625 160.015625
12.65625 160.40625
12.671875 160.796875
12.6875 161.1875
12.703125 161.578125
12.71875 161.96875
12.734375 162.359375
12.75 162.75
12.765625 163.140625
12.78125 163.53125
12.796875 163.921875
12.8125 164.3125
12.828125 164.703125
12.84375 165.09375
12.859375 165.484375
12.875 165.875
12.890625 166.265625
12.90625 166.65625
12.921875 167.046875
12.9375 167.4375
12.953125 167.828125
12.96875 168.21875
12.984375 168.609375
13 169
13.015625 169.421875
13.03125 169.84375
13.046875 170.265625
13.0625 170.6875
13.078125 171.109375
13.09375 171.53125
13.109375 171.953125
13.125 172.375
13.140625 172.796875
13.15625 173.21875
13.171875 173.640625
13.1875 174.0625
13.203125 174.484375
13.21875 174.90625
13.234375 175.328125
13.25 175.75
13.265625 176.171875
13.28125 176.59375
13.296875 177.015625
13.3125 177.4375
13.328125 177.859375
13.34375 178.28125
13.359375 178.703125
13.375 179.125
13.390625 179.546875
13.40625 179.96875
13.421875 180.390625
13.4375 180.8125
13.453125 181.234375
13.46875 181.65625
13.484375 182.078125
13.5 182.5
13.515625 182.921875
13.53125 183.34375
13.546875 183.765625
13.5625 184.1875
13.578125 184.609375
13.59375 185.03125
13.609375 185.453125
13.625 185.875
13.640625 186.296875
13.65625 186.71875
13.671875 187.140625
13.6875 187.5625
13.703125 187.984375
13.71875 188.40625
13.734375 188.828125
13.75 189.25
13.765625 189.671875
13.78125 190.09375
13.796875 190.515625
13.8125 190.9375
13.828125 191.359375
13.84375 191.78125
13.859375 192.203125
13.875 192.625
13.890625 193.046875
13.90625 193.46875
13.921875 193.890625
13.9375 194.3125
13.953125 194.734375
13.96875 195.15625
13.984375 195.578125
14 196
