0.015625 0.0131479841376234
0.03125 0.0262959682752468
0.046875 0.0394439524128701
0.0625 0.0525919365504935
0.078125 0.0657399206881169
0.09375 0.0788879048257403
0.109375 0.0920358889633637
0.125 0.105183873100987
0.140625 0.11833185723861
0.15625 0.131479841376234
0.171875 0.144627825513857
0.1875 0.157775809651481
0.203125 0.170923793789104
0.21875 0.184071777926727
0.234375 0.197219762064351
0.25 0.210367746201974
0.265625 0.223515730339598
0.28125 0.236663714477221
0.296875 0.249811698614844
0.3125 0.262959682752468
0.328125 0.276107666890091
0.34375 0.289255651027714
0.359375 0.302403635165338
0.375 0.315551619302961
0.390625 0.328699603440585
0.40625 0.341847587578208
0.421875 0.354995571715831
0.4375 0.368143555853455
0.453125 0.381291539991078
0.46875 0.394439524128701
0.484375 0.407587508266325
0.5 0.420735492403948
0.515625 0.433883476541572
0.53125 0.447031460679195
0.546875 0.460179444816818
0.5625 0.473327428954442
0.578125 0.486475413092065
0.59375 0.499623397229689
0.609375 0.512771381367312
0.625 0.525919365504935
0.640625 0.539067349642559
0.65625 0.552215333780182
0.671875 0.565363317917805
0.6875 0.578511302055429
0.703125 0.591659286193052
0.71875 0.604807270330676
0.734375 0.617955254468299
0.75 0.631103238605922
0.765625 0.644251222743546
0.78125 0.657399206881169
0.796875 0.670547191018793
0.8125 0.683695175156416
0.828125 0.696843159294039
0.84375 0.709991143431663
0.859375 0.723139127569286
0.875 0.736287111706909
0.890625 0.749435095844533
0.90625 0.762583079982156
0.921875 0.77573106411978
0.9375 0.788879048257403
0.953125 0.802027032395026
0.96875 0.81517501653265
0.984375 0.828323000670273
1 0.841470984807897
1.015625 0.842530772964424
1.03125 0.843590561120952
1.046875 0.84465034927748
1.0625 0.845710137434008
1.078125 0.846769925590536
1.09375 0.847829713747064
1.109375 0.848889501903592
1.125 0.84994929006012
1.140625 0.851009078216648
1.15625 0.852068866373175
1.171875 0.853128654529703
1.1875 0.854188442686231
1.203125 0.855248230842759
1.21875 0.856308018999287
1.234375 0.857367807155815
1.25 0.858427595312343
1.265625 0.859487383468871
1.28125 0.860547171625399
1.296875 0.861606959781926
1.3125 0.862666747938454
1.328125 0.863726536094982
1.34375 0.86478632425151
1.359375 0.865846112408038
1.375 0.866905900564566
1.390625 0.867965688721094
1.40625 0.869025476877622
1.421875 0.87008526503415
1.4375 0.871145053190677
1.453125 0.872204841347205
1.46875 0.873264629503733
1.484375 0.874324417660261
1.5 0.875384205816789
1.515625 0.876443993973317
1.53125 0.877503782129845
1.546875 0.878563570286373
1.5625 0.879623358442901
1.578125 0.880683146599429
1.59375 0.881742934755956
1.609375 0.882802722912484
1.625 0.883862511069012
1.640625 0.88492229922554
1.65625 0.885982087382068
1.671875 0.887041875538596
1.6875 0.888101663695124
1.703125 0.889161451851652
1.71875 0.89022124000818
1.734375 0.891281028164708
1.75 0.892340816321235
1.765625 0.893400604477763
1.78125 0.894460392634291
1.796875 0.895520180790819
1.8125 0.896579968947347
1.828125 0.897639757103875
1.84375 0.898699545260403
1.859375 0.899759333416931
1.875 0.900819121573459
1.890625 0.901878909729986
1.90625 0.902938697886514
1.921875 0.903998486043042
1.9375 0.90505827419957
1.953125 0.906118062356098
1.96875 0.907177850512626
1.984375 0.908237638669154
2 0.909297426825682
2.015625 0.897294654657466
2.03125 0.88529188248925
2.046875 0.873289110321034
2.0625 0.861286338152818
2.078125 0.849283565984602
2.09375 0.837280793816387
2.109375 0.825278021648171
2.125 0.813275249479955
2.140625 0.801272477311739
2.15625 0.789269705143523
2.171875 0.777266932975307
2.1875 0.765264160807091
2.203125 0.753261388638876
2.21875 0.74125861647066
2.234375 0.729255844302444
2.25 0.717253072134228
2.265625 0.705250299966012
2.28125 0.693247527797796
2.296875 0.681244755629581
2.3125 0.669241983461365
2.328125 0.657239211293149
2.34375 0.645236439124933
2.359375 0.633233666956717
2.375 0.621230894788501
2.390625 0.609228122620285
2.40625 0.59722535045207
2.421875 0.585222578283854
2.4375 0.573219806115638
2.453125 0.561217033947422
2.46875 0.549214261779206
2.484375 0.53721148961099
2.5 0.525208717442774
2.515625 0.513205945274559
2.53125 0.501203173106343
2.546875 0.489200400938127
2.5625 0.477197628769911
2.578125 0.465194856601695
2.59375 0.453192084433479
2.609375 0.441189312265264
2.625 0.429186540097048
2.640625 0.417183767928832
2.65625 0.405180995760616
2.671875 0.3931782235924
2.6875 0.381175451424184
2.703125 0.369172679255968
2.71875 0.357169907087753
2.734375 0.345167134919537
2.75 0.333164362751321
2.765625 0.321161590583105
2.78125 0.309158818414889
2.796875 0.297156046246673
2.8125 0.285153274078457
2.828125 0.273150501910242
2.84375 0.261147729742026
2.859375 0.24914495757381
2.875 0.237142185405594
2.890625 0.225139413237378
2.90625 0.213136641069162
2.921875 0.201133868900947
2.9375 0.189131096732731
2.953125 0.177128324564515
2.96875 0.165125552396299
2.984375 0.153122780228083
3 0.141120008059867
3.015625 0.127089968944745
3.03125 0.113059929829624
3.046875 0.0990298907145018
3.0625 0.08499985159938
3.078125 0.0709698124842582
3.09375 0.0569397733691364
3.109375 0.0429097342540146
3.125 0.0288796951388928
3.140625 0.014849656023771
3.15625 0.000819616908649179
3.171875 -0.0132104222064726
3.1875 -0.0272404613215944
3.203125 -0.0412705004367162
3.21875 -0.055300539551838
3.234375 -0.0693305786669599
3.25 -0.0833606177820816
3.265625 -0.0973906568972034
3.28125 -0.111420696012325
3.296875 -0.125450735127447
3.3125 -0.139480774242569
3.328125 -0.153510813357691
3.34375 -0.167540852472812
3.359375 -0.181570891587934
3.375 -0.195600930703056
3.390625 -0.209630969818178
3.40625 -0.2236610089333
3.421875 -0.237691048048421
3.4375 -0.251721087163543
3.453125 -0.265751126278665
3.46875 -0.279781165393787
3.484375 -0.293811204508909
3.5 -0.307841243624031
3.515625 -0.321871282739152
3.53125 -0.335901321854274
3.546875 -0.349931360969396
3.5625 -0.363961400084518
3.578125 -0.37799143919964
3.59375 -0.392021478314761
3.609375 -0.406051517429883
3.625 -0.420081556545005
3.640625 -0.434111595660127
3.65625 -0.448141634775248
3.671875 -0.46217167389037
3.6875 -0.476201713005492
3.703125 -0.490231752120614
3.71875 -0.504261791235736
3.734375 -0.518291830350858
3.75 -0.532321869465979
3.765625 -0.546351908581101
3.78125 -0.560381947696223
3.796875 -0.574411986811345
3.8125 -0.588442025926467
3.828125 -0.602472065041588
3.84375 -0.61650210415671
3.859375 -0.630532143271832
3.875 -0.644562182386954
3.890625 -0.658592221502076
3.90625 -0.672622260617197
3.921875 -0.686652299732319
3.9375 -0.700682338847441
3.953125 -0.714712377962563
3.96875 -0.728742417077685
3.984375 -0.742772456192806
4 -0.756802495307928
4.015625 -0.759960648110353
4.03125 -0.763118800912779
4.046875 -0.766276953715204
4.0625 -0.769435106517629
4.078125 -0.772593259320054
4.09375 -0.775751412122479
4.109375 -0.778909564924904
4.125 -0.78206771772733
4.140625 -0.785225870529755
4.15625 -0.78838402333218
4.171875 -0.791542176134605
4.1875 -0.79470032893703
4.203125 -0.797858481739455
4.21875 -0.80101663454188
4.234375 -0.804174787344306
4.25 -0.807332940146731
4.265625 -0.810491092949156
4.28125 -0.813649245751581
4.296875 -0.816807398554006
4.3125 -0.819965551356431
4.328125 -0.823123704158857
4.34375 -0.826281856961282
4.359375 -0.829440009763707
4.375 -0.832598162566132
4.390625 -0.835756315368557
4.40625 -0.838914468170982
4.421875 -0.842072620973408
4.4375 -0.845230773775833
4.453125 -0.848388926578258
4.46875 -0.851547079380683
4.484375 -0.854705232183108
4.5 -0.857863384985533
4.515625 -0.861021537787959
4.53125 -0.864179690590384
4.546875 -0.867337843392809
4.5625 -0.870495996195234
4.578125 -0.873654148997659
4.59375 -0.876812301800084
4.609375 -0.879970454602509
4.625 -0.883128607404935
4.640625 -0.88628676020736
4.65625 -0.889444913009785
4.671875 -0.89260306581221
4.6875 -0.895761218614635
4.703125 -0.89891937141706
4.71875 -0.902077524219486
4.734375 -0.905235677021911
4.75 -0.908393829824336
4.765625 -0.911551982626761
4.78125 -0.914710135429186
4.796875 -0.917868288231611
4.8125 -0.921026441034037
4.828125 -0.924184593836462
4.84375 -0.927342746638887
4.859375 -0.930500899441312
4.875 -0.933659052243737
4.890625 -0.936817205046162
4.90625 -0.939975357848587
4.921875 -0.943133510651013
4.9375 -0.946291663453438
4.953125 -0.949449816255863
4.96875 -0.952607969058288
4.984375 -0.955766121860713
5 -0.958924274663138
5.015625 -0.948306950030885
5.03125 -0.937689625398632
5.046875 -0.927072300766378
5.0625 -0.916454976134125
5.078125 -0.905837651501872
5.09375 -0.895220326869618
5.109375 -0.884603002237365
5.125 -0.873985677605112
5.140625 -0.863368352972859
5.15625 -0.852751028340605
5.171875 -0.842133703708352
5.1875 -0.831516379076099
5.203125 -0.820899054443845
5.21875 -0.810281729811592
5.234375 -0.799664405179339
5.25 -0.789047080547085
5.265625 -0.778429755914832
5.28125 -0.767812431282579
5.296875 -0.757195106650325
5.3125 -0.746577782018072
5.328125 -0.735960457385819
5.34375 -0.725343132753565
5.359375 -0.714725808121312
5.375 -0.704108483489059
5.390625 -0.693491158856805
5.40625 -0.682873834224552
5.421875 -0.672256509592299
5.4375 -0.661639184960045
5.453125 -0.651021860327792
5.46875 -0.640404535695539
5.484375 -0.629787211063286
5.5 -0.619169886431032
5.515625 -0.608552561798779
5.53125 -0.597935237166526
5.546875 -0.587317912534272
5.5625 -0.576700587902019
5.578125 -0.566083263269766
5.59375 -0.555465938637512
5.609375 -0.544848614005259
5.625 -0.534231289373006
5.640625 -0.523613964740752
5.65625 -0.512996640108499
5.671875 -0.502379315476246
5.6875 -0.491761990843992
5.703125 -0.481144666211739
5.71875 -0.470527341579486
5.734375 -0.459910016947232
5.75 -0.449292692314979
5.765625 -0.438675367682726
5.78125 -0.428058043050472
5.796875 -0.417440718418219
5.8125 -0.406823393785966
5.828125 -0.396206069153712
5.84375 -0.385588744521459
5.859375 -0.374971419889206
5.875 -0.364354095256952
5.890625 -0.353736770624699
5.90625 -0.343119445992446
5.921875 -0.332502121360192
5.9375 -0.321884796727939
5.953125 -0.311267472095686
5.96875 -0.300650147463433
5.984375 -0.290032822831179
6 -0.279415498198926
6.015625 -0.264784215434587
6.03125 -0.250152932670247
6.046875 -0.235521649905908
6.0625 -0.220890367141569
6.078125 -0.206259084377229
6.09375 -0.19162780161289
6.109375 -0.176996518848551
6.125 -0.162365236084211
6.140625 -0.147733953319872
6.15625 -0.133102670555533
6.171875 -0.118471387791194
6.1875 -0.103840105026854
6.203125 -0.089208822262515
6.21875 -0.0745775394981757
6.234375 -0.0599462567338364
6.25 -0.0453149739694971
6.265625 -0.0306836912051578
6.28125 -0.0160524084408186
6.296875 -0.00142112567647923
6.3125 0.0132101570878601
6.328125 0.0278414398521993
6.34375 0.0424727226165387
6.359375 0.057104005380878
6.375 0.0717352881452172
6.390625 0.0863665709095565
6.40625 0.100997853673896
6.421875 0.115629136438235
6.4375 0.130260419202574
6.453125 0.144891701966914
6.46875 0.159522984731253
6.484375 0.174154267495592
6.5 0.188785550259932
6.515625 0.203416833024271
6.53125 0.21804811578861
6.546875 0.23267939855295
6.5625 0.247310681317289
6.578125 0.261941964081628
6.59375 0.276573246845967
6.609375 0.291204529610307
6.625 0.305835812374646
6.640625 0.320467095138985
6.65625 0.335098377903325
6.671875 0.349729660667664
6.6875 0.364360943432003
6.703125 0.378992226196342
6.71875 0.393623508960682
6.734375 0.408254791725021
6.75 0.42288607448936
6.765625 0.4375173572537
6.78125 0.452148640018039
6.796875 0.466779922782378
6.8125 0.481411205546717
6.828125 0.496042488311057
6.84375 0.510673771075396
6.859375 0.525305053839735
6.875 0.539936336604075
6.890625 0.554567619368414
6.90625 0.569198902132753
6.921875 0.583830184897093
6.9375 0.598461467661432
6.953125 0.613092750425771
6.96875 0.62772403319011
6.984375 0.64235531595445
7 0.656986598718789
7.015625 0.662179905717298
7.03125 0.667373212715808
7.046875 0.672566519714317
7.0625 0.677759826712826
7.078125 0.682953133711335
7.09375 0.688146440709845
7.109375 0.693339747708354
7.125 0.698533054706863
7.140625 0.703726361705372
7.15625 0.708919668703882
7.171875 0.714112975702391
7.1875 0.7193062827009
7.203125 0.724499589699409
7.21875 0.729692896697919
7.234375 0.734886203696428
7.25 0.740079510694937
7.265625 0.745272817693446
7.28125 0.750466124691956
7.296875 0.755659431690465
7.3125 0.760852738688974
7.328125 0.766046045687484
7.34375 0.771239352685993
7.359375 0.776432659684502
7.375 0.781625966683011
7.390625 0.786819273681521
7.40625 0.79201258068003
7.421875 0.797205887678539
7.4375 0.802399194677048
7.453125 0.807592501675558
7.46875 0.812785808674067
7.484375 0.817979115672576
7.5 0.823172422671085
7.515625 0.828365729669595
7.53125 0.833559036668104
7.546875 0.838752343666613
7.5625 0.843945650665123
7.578125 0.849138957663632
7.59375 0.854332264662141
7.609375 0.85952557166065
7.625 0.86471887865916
7.640625 0.869912185657669
7.65625 0.875105492656178
7.671875 0.880298799654687
7.6875 0.885492106653197
7.703125 0.890685413651706
7.71875 0.895878720650215
7.734375 0.901072027648724
7.75 0.906265334647234
7.765625 0.911458641645743
7.78125 0.916651948644252
7.796875 0.921845255642761
7.8125 0.927038562641271
7.828125 0.93223186963978
7.84375 0.937425176638289
7.859375 0.942618483636798
7.875 0.947811790635308
7.890625 0.953005097633817
7.90625 0.958198404632326
7.921875 0.963391711630835
7.9375 0.968585018629345
7.953125 0.973778325627854
7.96875 0.978971632626363
7.984375 0.984164939624873
8 0.989358246623382
8.015625 0.980338875351794
8.03125 0.971319504080206
8.046875 0.962300132808618
8.0625 0.95328076153703
8.078125 0.944261390265442
8.09375 0.935242018993854
8.109375 0.926222647722267
8.125 0.917203276450679
8.140625 0.908183905179091
8.15625 0.899164533907503
8.171875 0.890145162635915
8.1875 0.881125791364327
8.203125 0.872106420092739
8.21875 0.863087048821151
8.234375 0.854067677549563
8.25 0.845048306277975
8.265625 0.836028935006388
8.28125 0.8270095637348
8.296875 0.817990192463212
8.3125 0.808970821191624
8.328125 0.799951449920036
8.34375 0.790932078648448
8.359375 0.78191270737686
8.375 0.772893336105272
8.390625 0.763873964833685
8.40625 0.754854593562097
8.421875 0.745835222290509
8.4375 0.736815851018921
8.453125 0.727796479747333
8.46875 0.718777108475745
8.484375 0.709757737204157
8.5 0.700738365932569
8.515625 0.691718994660981
8.53125 0.682699623389393
8.546875 0.673680252117806
8.5625 0.664660880846218
8.578125 0.65564150957463
8.59375 0.646622138303042
8.609375 0.637602767031454
8.625 0.628583395759866
8.640625 0.619564024488278
8.65625 0.61054465321669
8.671875 0.601525281945102
8.6875 0.592505910673514
8.703125 0.583486539401927
8.71875 0.574467168130339
8.734375 0.565447796858751
8.75 0.556428425587163
8.765625 0.547409054315575
8.78125 0.538389683043987
8.796875 0.529370311772399
8.8125 0.520350940500811
8.828125 0.511331569229224
8.84375 0.502312197957636
8.859375 0.493292826686048
8.875 0.48427345541446
8.890625 0.475254084142872
8.90625 0.466234712871284
8.921875 0.457215341599696
8.9375 0.448195970328108
8.953125 0.43917659905652
8.96875 0.430157227784932
8.984375 0.421137856513345
9 0.412118485241757
