0.015625 0.0625 0.00048828125 4
0.03125 0.125 0.001953125 4
0.046875 0.1875 0.00439453125 4
0.0625 0.25 0.0078125 4
0.078125 0.3125 0.01220703125 4
0.09375 0.375 0.017578125 4
0.109375 0.4375 0.02392578125 4
0.125 0.5 0.03125 4
0.140625 0.5625 0.03955078125 4
0.15625 0.625 0.048828125 4
0.171875 0.6875 0.05908203125 4
0.1875 0.75 0.0703125 4
0.203125 0.8125 0.08251953125 4
0.21875 0.875 0.095703125 4
0.234375 0.9375 0.10986328125 4
0.25 1 0.125 4
0.265625 1.0625 0.14111328125 4
0.28125 1.125 0.158203125 4
0.296875 1.1875 0.17626953125 4
0.3125 1.25 0.1953125 4
0.328125 1.3125 0.21533203125 4
0.34375 1.375 0.236328125 4
0.359375 1.4375 0.25830078125 4
0.375 1.5 0.28125 4
0.390625 1.5625 0.30517578125 4
0.40625 1.625 0.330078125 4
0.421875 1.6875 0.35595703125 4
0.4375 1.75 0.3828125 4
0.453125 1.8125 0.41064453125 4
0.46875 1.875 0.439453125 4
0.484375 1.9375 0.46923828125 4
0.5 2 0.5 4
0.515625 2.0625 0.53173828125 4
0.53125 2.125 0.564453125 4
0.546875 2.1875 0.59814453125 4
0.5625 2.25 0.6328125 4
0.578125 2.3125 0.66845703125 4
0.59375 2.375 0.705078125 4
0.609375 2.4375 0.74267578125 4
0.625 2.5 0.78125 4
0.640625 2.5625 0.82080078125 4
0.65625 2.625 0.861328125 4
0.671875 2.6875 0.90283203125 4
0.6875 2.75 0.9453125 4
0.703125 2.8125 0.98876953125 4
0.71875 2.875 1.033203125 4
0.734375 2.9375 1.07861328125 4
0.75 3 1.125 4
0.765625 3.0625 1.17236328125 4
0.78125 3.125 1.220703125 4
0.796875 3.1875 1.27001953125 4
0.8125 3.25 1.3203125 4
0.828125 3.3125 1.37158203125 4
0.84375 3.375 1.423828125 4
0.859375 3.4375 1.47705078125 4
0.875 3.5 1.53125 4
0.890625 3.5625 1.58642578125 4
0.90625 3.625 1.642578125 4
0.921875 3.6875 1.69970703125 4
0.9375 3.75 1.7578125 4
0.953125 3.8125 1.81689453125 4
0.96875 3.875 1.876953125 4
0.984375 3.9375 1.93798828125 4
1 4 2 4
1.015625 4.0625 2.06298828125 4
1.03125 4.125 2.126953125 4
1.046875 4.1875 2.19189453125 4
1.0625 4.25 2.2578125 4
1.078125 4.3125 2.32470703125 4
1.09375 4.375 2.392578125 4
1.109375 4.4375 2.46142578125 4
1.125 4.5 2.53125 4
1.140625 4.5625 2.60205078125 4
1.15625 4.625 2.673828125 4
1.171875 4.6875 2.74658203125 4
1.1875 4.75 2.8203125 4
1.203125 4.8125 2.89501953125 4
1.21875 4.875 2.970703125 4
1.234375 4.9375 3.04736328125 4
1.25 5 3.125 4
1.265625 5.0625 3.20361328125 4
1.28125 5.125 3.283203125 4
1.296875 5.1875 3.36376953125 4
1.3125 5.25 3.4453125 4
1.328125 5.3125 3.52783203125 4
1.34375 5.375 3.611328125 4
1.359375 5.4375 3.69580078125 4
1.375 5.5 3.78125 4
1.390625 5.5625 3.86767578125 4
1.40625 5.625 3.955078125 4
1.421875 5.6875 4.04345703125 4
1.4375 5.75 4.1328125 4
1.453125 5.8125 4.22314453125 4
1.46875 5.875 4.314453125 4
1.484375 5.9375 4.40673828125 4
1.5 6 4.5 4
1.515625 6.0625 4.59423828125 4
1.53125 6.125 4.689453125 4
1.546875 6.1875 4.78564453125 4
1.5625 6.25 4.8828125 4
1.578125 6.3125 4.98095703125 4
1.59375 6.375 5.080078125 4
1.609375 6.4375 5.18017578125 4
1.625 6.5 5.28125 4
1.640625 6.5625 5.38330078125 4
1.65625 6.625 5.486328125 4
1.671875 6.6875 5.59033203125 4
1.6875 6.75 5.6953125 4
1.703125 6.8125 5.80126953125 4
1.71875 6.875 5.908203125 4
1.734375 6.9375 6.01611328125 4
1.75 7 6.125 4
1.765625 7.0625 6.23486328125 4
1.78125 7.125 6.345703125 4
1.796875 7.1875 6.45751953125 4
1.8125 7.25 6.5703125 4
1.828125 7.3125 6.68408203125 4
1.84375 7.375 6.798828125 4
1.859375 7.4375 6.91455078125 4
1.875 7.5 7.03125 4
1.890625 7.5625 7.14892578125 4
1.90625 7.625 7.267578125 4
1.921875 7.6875 7.38720703125 4
1.9375 7.75 7.5078125 4
1.953125 7.8125 7.62939453125 4
1.96875 7.875 7.751953125 4
1.984375 7.9375 7.87548828125 4
2 8 8 4
2.015625 8.0625 8.12548828125 4
2.03125 8.125 8.251953125 4
2.046875 8.1875 8.37939453125 4
2.0625 8.25 8.5078125 4
2.078125 8.3125 8.63720703125 4
2.09375 8.375 8.767578125 4
2.109375 8.4375 8.89892578125 4
2.125 8.5 9.03125 4
2.140625 8.5625 9.16455078125 4
2.15625 8.625 9.298828125 4
2.171875 8.6875 9.43408203125 4
2.1875 8.75 9.5703125 4
2.203125 8.8125 9.70751953125 4
2.21875 8.875 9.845703125 4
2.234375 8.9375 9.98486328125 4
2.25 9 10.125 4
2.265625 9.0625 10.26611328125 4
2.28125 9.125 10.408203125 4
2.296875 9.1875 10.55126953125 4
2.3125 9.25 10.6953125 4
2.328125 9.3125 10.84033203125 4
2.34375 9.375 10.986328125 4
2.359375 9.4375 11.13330078125 4
2.375 9.5 11.28125 4
2.390625 9.5625 11.43017578125 4
2.40625 9.625 11.580078125 4
2.421875 9.6875 11.73095703125 4
2.4375 9.75 11.8828125 4
2.453125 9.8125 12.03564453125 4
2.46875 9.875 12.189453125 4
2.484375 9.9375 12.34423828125 4
2.5 10 12.5 4
2.515625 10.0625 12.65673828125 4
2.53125 10.125 12.814453125 4
2.546875 10.1875 12.97314453125 4
2.5625 10.25 13.1328125 4
2.578125 10.3125 13.29345703125 4
2.59375 10.375 13.455078125 4
2.609375 10.4375 13.61767578125 4
2.625 10.5 13.78125 4
2.640625 10.5625 13.94580078125 4
2.65625 10.625 14.111328125 4
2.671875 10.6875 14.27783203125 4
2.6875 10.75 14.4453125 4
2.703125 10.8125 14.61376953125 4
2.71875 10.875 14.783203125 4
2.734375 10.9375 14.95361328125 4
2.75 11 15.125 4
2.765625 11.0625 15.29736328125 4
2.78125 11.125 15.470703125 4
2.796875 11.1875 15.64501953125 4
2.8125 11.25 15.8203125 4
2.828125 11.3125 15.99658203125 4
2.84375 11.375 16.173828125 4
2.859375 11.4375 16.35205078125 4
2.875 11.5 16.53125 4
2.890625 11.5625 16.71142578125 4
2.90625 11.625 16.892578125 4
2.921875 11.6875 17.07470703125 4
2.9375 11.75 17.2578125 4
2.953125 11.8125 17.44189453125 4
2.96875 11.875 17.626953125 4
2.984375 11.9375 17.81298828125 4
3 12 18 4
3.015625 12.0625 18.18798828125 4
3.03125 12.125 18.376953125 4
3.046875 12.1875 18.56689453125 4
3.0625 12.25 18.7578125 4
3.078125 12.3125 18.94970703125 4
3.09375 12.375 19.142578125 4
3.109375 12.4375 19.33642578125 4
3.125 12.5 19.53125 4
3.140625 12.5625 19.72705078125 4
3.15625 12.625 19.923828125 4
3.171875 12.6875 20.12158203125 4
3.1875 12.75 20.3203125 4
3.203125 12.8125 20.52001953125 4
3.21875 12.875 20.720703125 4
3.234375 12.9375 20.92236328125 4
3.25 13 21.125 4
3.265625 13.0625 21.32861328125 4
3.28125 13.125 21.533203125 4
3.296875 13.1875 21.73876953125 4
3.3125 13.25 21.9453125 4
3.328125 13.3125 22.15283203125 4
3.34375 13.375 22.361328125 4
3.359375 13.4375 22.57080078125 4
3.375 13.5 22.78125 4
3.390625 13.5625 22.99267578125 4
3.40625 13.625 23.205078125 4
3.421875 13.6875 23.41845703125 4
3.4375 13.75 23.6328125 4
3.453125 13.8125 23.84814453125 4
3.46875 13.875 24.064453125 4
3.484375 13.9375 24.28173828125 4
3.5 14 24.5 4
3.515625 14.0625 24.71923828125 4
3.53125 14.125 24.939453125 4
3.546875 14.1875 25.16064453125 4
3.5625 14.25 25.3828125 4
3.578125 14.3125 25.60595703125 4
3.59375 14.375 25.830078125 4
3.609375 14.4375 26.05517578125 4
3.625 14.5 26.28125 4
3.640625 14.5625 26.50830078125 4
3.65625 14.625 26.736328125 4
3.671875 14.6875 26.96533203125 4
3.6875 14.75 27.1953125 4
3.703125 14.8125 27.42626953125 4
3.71875 14.875 27.658203125 4
3.734375 14.9375 27.89111328125 4
3.75 15 28.125 4
3.765625 15.0625 28.35986328125 4
3.78125 15.125 28.595703125 4
3.796875 15.1875 28.83251953125 4
3.8125 15.25 29.0703125 4
3.828125 15.3125 29.30908203125 4
3.84375 15.375 29.548828125 4
3.859375 15.4375 29.78955078125 4
3.875 15.5 30.03125 4
3.890625 15.5625 30.27392578125 4
3.90625 15.625 30.517578125 4
3.921875 15.6875 30.76220703125 4
3.9375 15.75 31.0078125 4
3.953125 15.8125 31.25439453125 4
3.96875 15.875 31.501953125 4
3.984375 15.9375 31.75048828125 4
4 16 32 4
