t   vx1   vy1   vx2   vy2   vx3   vy3   x1   y1   x2   y2   x3   y3
0 0.466203685 0.43236573 -0.93240737 -0.86473146 0.466203685 0.43236573 -0.97000436 0.24308753 0 0 0.97000436 -0.24308753
0.0231745574893684 0.494735164749086 0.424757013443915 -0.933282833563478 -0.863626889681636 0.438547668814392 0.438869876237721 -0.958874701744873 0.253025819081526 -0.0216081281995758 -0.0200397689326354 0.980482829944449 -0.232986050148891
0.0454355404071464 0.5229537301714 0.416286228958817 -0.935759863417089 -0.860477541920302 0.412806133245689 0.444191312961485 -0.947551675836082 0.262393538191792 -0.0424026044641131 -0.0392413029045983 0.989954280300195 -0.223152235287194
0.0671399028633479 0.551209814563139 0.406812526241719 -0.939688529765928 -0.855415547719712 0.388478715202789 0.448603021477993 -0.93589854841149 0.271332608426825 -0.0627472717582322 -0.057873182485794 0.998645820169722 -0.213459425941031
0.0884874687668107 0.579683311826246 0.396208240957846 -0.944963339237059 -0.848486860083006 0.365280027410813 0.452278619125159 -0.923831140881123 0.279910823693299 -0.0828562717015704 -0.0760706241184872 1.00668741258269 -0.203840199574812
0.109588319322187 0.608446698764137 0.384357366889452 -0.951488705330331 -0.839697027264959 0.343042006566194 0.455339660375507 -0.911298981185321 0.288153434409221 -0.102857900103143 -0.0938919058411004 1.01415688128846 -0.194261528568121
0.130499767541408 0.637500534929471 0.371155395016396 -0.959162272428009 -0.829034053791379 0.321661737498538 0.457878658774983 -0.898274404968615 0.296060575835943 -0.122829019464935 -0.111349902415188 1.02110342443355 -0.184710673420755
0.151247696101695 0.666794677195617 0.356510079829805 -0.967867102943694 -0.816480809101982 0.301072425748076 0.459970729272177 -0.884745934233734 0.303617455394393 -0.142814504113744 -0.128430657031565 1.02756043834748 -0.175186798362829
0.171839352528141 0.696241781776578 0.340342785679847 -0.977468645553211 -0.802022398066297 0.281226863776633 0.46167961238645 -0.870714063056627 0.310800604128343 -0.162838628482982 -0.145104783827454 1.03355269153961 -0.165695820300889
0.192271266055815 0.725726570555943 0.322590123808276 -0.987814488820367 -0.785650965720925 0.262087918264424 0.46306084191265 -0.856188428498664 0.317581886204706 -0.182911952893611 -0.161334721823264 1.03910038139228 -0.156247164381443
0.212534283881975 0.755112785124067 0.303205627606105 -0.998735855288574 -0.767369072744029 0.243623070164507 0.464163445137923 -0.84118578003303 0.323931176791035 -0.203035637563975 -0.177079496225645 1.04422141759701 -0.14685168056539
0.232616855263807 0.78424890188353 0.282161247034203 -1.01005023738423 -0.747192142098057 0.225801335500696 0.465030895063853 -0.825728403933446 0.329818210474695 -0.223204270049307 -0.192297923002052 1.04893267398275 -0.137520287472643
0.252507213744737 0.812973181926207 0.259448483639027 -1.02156478312366 -0.725150176219056 0.208591601197451 0.465701692580029 -0.809842805609024 0.335213879851543 -0.24340782421461 -0.206950793540461 1.05325062982364 -0.128263086311082
0.27219483602996 0.841118323480976 0.235079038473355 -1.03308013185359 -0.701288815319724 0.191961808372612 0.466209776846369 -0.793558545730188 0.340091140769816 -0.263633099894823 -0.221002349964335 1.05719164562501 -0.11908879080548
0.291671400091271 0.868515799156602 0.209084903843898 -1.04439444349304 -0.675669769439729 0.175878644336434 0.466584865595831 -0.776907185266833 0.34442561418566 -0.283864834520161 -0.234421234566772 1.06077201978699 -0.110004379618889
0.310931376921295 0.894999857050077 0.181517889637252 -1.05530739429479 -0.648370664101051 0.160307537244711 0.466852774463799 -0.759921330377065 0.348195941241555 -0.304086586185415 -0.247181028560037 1.06400791656248 -0.101014912681518
0.329972342433611 0.920411120535778 0.152448628163367 -1.06562394528935 -0.619484363799782 0.145212824753576 0.467035735636415 -0.742633786486579 0.351383933848886 -0.324281436826985 -0.259260461691 1.06691522331356 -0.0921234721578864
0.348795071433346 0.944599717993699 0.121965141283507 -1.07515773169556 -0.58911786181273 0.13055801370186 0.467152720529223 -0.725076836500363 0.35397455855956 -0.344432539061565 -0.270643359649292 1.06950937556193 -0.0833311989102682
0.367403463618908 0.967427894936894 0.0901710762852485 -1.08373397055127 -0.557390839509705 0.116306075614381 0.467219763224457 -0.707281655064579 0.355955790853458 -0.364523520718557 -0.281318390371022 1.07180517578314 -0.0746374004824363
0.385804345444807 0.988772093152014 0.0571837223886242 -1.09119183381094 -0.524434000292745 0.102419740658924 0.467250277904121 -0.689277862998676 0.35731837651772 -0.384538760123651 -0.291278666965948 1.07381662312233 -0.0660397095517719
0.404007187387794 1.00852451378459 0.023131910949428 -1.09738627881845 -0.490387273652784 0.0888617650338582 0.467255362703356 -0.671093216726857 0.35805553475914 -0.40446354789125 -0.3005212606763 1.07555676461811 -0.0575342740828398
0.422023771704803 1.02659420675329 -0.0118461156547591 -1.10218936267009 -0.455397967478758 0.0755951559167962 0.467244083133517 -0.652753419187565 0.358162633632776 -0.424284154210847 -0.309046670788889 1.07703757339841 -0.0491159628438873
0.439867840471897 1.04290774425599 -0.0476048033662523 -1.10549108942426 -0.419618926357273 0.0625833451682694 0.467223729723525 -0.634282032750618 0.357636862704139 -0.443987822619744 -0.316858289957135 1.07826985537036 -0.0407785727470044
0.45755474765078 1.05740954140663 -0.0839933119610907 -1.10719984985492 -0.383206734320439 0.0497903084482948 0.46720004628153 -0.615700471677573 0.356476921407044 -0.463562711362729 -0.323961893857166 1.0792631830403 -0.032515027549878
0.475101132599812 1.07006188430272 -0.12085744168215 -1.10724251480547 -0.346319985165567 0.0371806305027507 0.467177426847716 -0.597028051476675 0.354682735184267 -0.482997801694757 -0.330365174600194 1.08002585317143 -0.0243175605840726
0.49252462634925 1.08084471812371 -0.158041447451402 -1.10556423840041 -0.309117633344183 0.0247195202766989 0.467159080795585 -0.578282074550334 0.352255205905921 -0.502282789340383 -0.336077328792446 1.08056486389072 -0.0161778771134751
0.509843596515368 1.08975523826933 -0.195389733182637 -1.10212801965616 -0.271757433371647 0.0123727813868335 0.467147166554284 -0.559477935046111 0.349195998690283 -0.521407971395474 -0.341108704194254 1.08088590644158 -0.00808729449602907
0.527076932194066 1.0968073185103 -0.23274842041558 -1.09691406304106 -0.234394474640865 0.000106744530756937 0.467142895056444 -0.540629230039039 0.345507364275467 -0.540364136840612 -0.345470503854954 1.08099336687965 -3.68604205136895E-05
0.544243866652964 1.10203080317221 -0.269966784458442 -1.0899189720039 -0.197179819842485 -0.0121118311683142 0.467146604300926 -0.521747868448274 0.341191994460231 -0.559142465019531 -0.349174543370616 1.0808903334678 0.00798254891038454
0.561363833110855 1.10547068609085 -0.306898549167003 -1.08115480519971 -0.160259257252536 -0.0243158808911377 0.46715780641954 -0.50284417294821 0.336252907650431 -0.577734433260043 -0.352233055303488 1.08057860620825 0.0159801476530571
0.578456347255153 1.10718619726876 -0.343403029851492 -1.07064802306691 -0.123772178569987 -0.0365381742018527 0.467175208421479 -0.483926973274438 0.33069336193398 -0.596131732470541 -0.354658534475923 1.08005870574498 0.0239651725419433
0.595540909261628 1.10724981809807 -0.379346113570809 -1.05843835196335 -0.0878505938564376 -0.0488114661347183 0.467196707427247 -0.465003691608193 0.324516794055458 -0.614326188094008 -0.356463618427436 1.0793298797022 0.0319468243719777
0.612636917795016 1.10574624671159 -0.414601067694496 -1.0445775933779 -0.0526182930619898 -0.0611686533336979 0.467219360756486 -0.446080422137522 0.317726783880938 -0.632309683204216 -0.357660998434668 1.07839010534174 0.0399342145537305
0.629763588640608 1.10277133549136 -0.449049171035261 -1.02912840588888 -0.0181901597187936 -0.0736429296024742 0.467239330754055 -0.427162007520069 0.310327045184245 -0.650074080674937 -0.358263357821393 1.07723608819501 0.0479363126371476
0.646939871122505 1.09843102218642 -0.482580166641826 -1.01216308678533 0.0153283628710939 -0.0862679354010915 0.467251803770732 -0.4082521149506 0.3023214446517 -0.667611142090678 -0.358283335575729 1.07586325704128 0.055961890924029
0.664184356207854 1.0928402739465 -0.515092540822512 -0.99376237811201 0.0478416585234975 -0.0990778958344899 0.467250882299014 -0.389353314032782 0.293714051752365 -0.684912442228338 -0.357733514360797 1.07426575626112 0.064019462608432
0.681515171113234 1.0861220596663 -0.546493638397219 -0.974014318164499 0.0792641894589388 -0.112107741501798 0.46722944893828 -0.37046715783784 0.284509222463228 -0.701969279359207 -0.35662643273485 1.07243643719705 0.0721172102716227
0.698949856286429 1.07840636046971 -0.576699628860469 -0.95301315425162 0.109520628194721 -0.125393206218092 0.467179000665748 -0.351594267554556 0.274711719719547 -0.71877258315298 -0.354974621723802 1.07036685070754 0.0802629020042543
0.716505221830618 1.06982922130521 -0.605635341546217 -0.930858326195787 0.138545889683748 -0.13897089510942 0.467089451862469 -0.332734420120556 0.264326872851931 -0.735312823485995 -0.352790665790925 1.06804724360655 0.0884637929389939
0.734197181787749 1.0605318390154 -0.63323398968447 -0.907653523046935 0.166285084950832 -0.152878315968464 0.466948904733638 -0.313886637269437 0.25336077716242 -0.751579924861712 -0.350087287732945 1.06546656213115 0.0967265105705247
0.752040566234432 1.05065967453836 -0.659436803312216 -0.88350580841982 0.192693417091515 -0.167153866118543 0.466743386220701 -0.295049273602959 0.24182053318442 -0.767563192352053 -0.346877456127515 1.06261246595501 0.105056922943096
0.77004891289322 1.04036156980416 -0.684192589423456 -0.858524803336863 0.217736038142949 -0.181836766467293 0.466456551280507 -0.276220100658168 0.229714523087034 -0.783251255874854 -0.343174512711993 1.05947135653302 0.113459989624958
0.788234241925288 1.02978884413219 -0.707457234756889 -0.832821910077535 0.241387881205976 -0.196966934054651 0.466069353550913 -0.257396383539185 0.217052719177561 -0.798632040136997 -0.338992315557945 1.05602842367618 0.121939596380383
0.806606819699603 1.01909434121548 -0.729193162601148 -0.806509556881939 0.263633476635139 -0.21258478433354 0.465559685966009 -0.238574946583413 0.20384701663467 -0.813692767582122 -0.334345392222482 1.05226771416553 0.130498375587812
0.825174919511321 1.00843139673037 -0.749368750435499 -0.779700441958226 0.284466754597303 -0.228730954772141 0.464901995838195 -0.219752224805741 0.190111579653651 -0.828420001063738 -0.329249095351526 1.04817222586948 0.139137515697876
0.843944589248774 0.99795269872797 -0.767957710705856 -0.752506756527166 0.303890829438773 -0.245445942200804 0.464066881267083 -0.200924298594339 0.175863187380339 -0.842799731605429 -0.323719751676714 1.04372403019977 0.147856564296375
0.862919437605516 0.987809018499577 -0.784938433232379 -0.725039370852359 0.321917754823835 -0.262769647647218 0.463020678408544 -0.182086910392722 0.161121563717452 -0.856817514437978 -0.317774794228487 1.0389044248307 0.156653230511035
0.882100451272689 0.978147798452525 -0.800293285379363 -0.697406974321608 0.338568233331056 -0.280740824130917 0.461725052048307 -0.163235463934005 0.145909673728565 -0.87045865353245 -0.311432867149801 1.03369411746645 0.165523193421237
0.90148585530536 0.969111595108081 -0.814007865906994 -0.669715170245907 0.353871260948666 -0.299396424862174 0.460136604958328 -0.144365008961722 0.130253969352363 -0.883708431222338 -0.304713892987624 1.02807344018406 0.174459923635261
0.921071027301659 0.960836388543255 -0.826070210977119 -0.642065537243347 0.367863686422297 -0.318770851299908 0.458206524554822 -0.125470217135881 0.114184568772857 -0.896552375530172 -0.297639093934348 1.02202259266605 0.183454525161491
0.940848473114555 0.953449782904321 -0.836469956469934 -0.614554680530534 0.380589668137581 -0.338895102373787 0.455880288332352 -0.106545357710894 0.097735357143318 -0.908976553943299 -0.290230961213057 1.01552191165419 0.192495604069739
0.960807867739252 0.947069134259501 -0.845197469566743 -0.587273306475239 0.392100017198792 -0.359795827784263 0.453097452367951 -0.0875842841849772 0.0809440011846546 -0.920967879184097 -0.282513170472037 1.00855216336907 0.201569169287382
0.980936160275344 0.941799650416854 -0.852242973942809 -0.560305360622944 0.402451424084792 -0.381494289793911 0.449791549858017 -0.0685804449737203 0.0638518758685432 -0.932514410561092 -0.274510445278028 1.00109485553481 0.210658569409484
1.00121773717963 0.937732511381211 -0.857595705820066 -0.533727271641111 0.41170557667111 -0.4040052397401 0.445890129148955 -0.049526931758525 0.0465039070514186 -0.9436056342141 -0.266248374996375 0.993132565972625 0.219744467944957
1.02163463424028 0.934943058794551 -0.861243150983797 -0.507607340434166 0.419928188039053 -0.427335718360385 0.441314962944744 -0.0304165780935584 0.0289483385141115 -0.954232707170107 -0.257753196859173 0.984649285263665 0.228804858345062
1.04216678557689 0.933489099063112 -0.863170423766111 -0.482005305198631 0.427187961745211 -0.451483793864482 0.435982462020899 -0.0112421178912992 0.0112364344575382 -0.964388653463671 -0.249051554247867 0.97563077135497 0.237815119790329
1.06279229799232 0.933409359966481 -0.863359855930687 -0.456972100518504 0.433555528688731 -0.476437259447978 0.429804327241955 0.00800359144012705 -0.00657787145412349 -0.974068505163374 -0.240170243758516 0.966064913723247 0.24674811521264
1.08348774123135 0.934722136900675 -0.861790864489015 -0.432549813642366 0.439102392485123 -0.50217232325831 0.422688472003892 0.0273272828825023 -0.0244383719222049 -0.983269386247355 -0.231135962394615 0.955942103364853 0.25557433431682
1.10422844871075 0.937424164805916 -0.858440161238592 -0.408771826134263 0.443899919121324 -0.528652338671654 0.414540242117268 0.0467349399028242 -0.0422870225510363 -0.991990542048489 -0.221975063516363 0.945255602145664 0.264262086067399
1.12498882820136 0.941489756489558 -0.853282352306235 -0.385663116376079 0.448018402115803 -0.555826640113479 0.405263950190432 0.0662314197716703 -0.0600644200409466 -1.0002333206849 -0.212713326548092 0.934001900913227 0.272777746589039
1.1457426865992 0.946870256994635 -0.846290953031449 -0.363240689640091 0.451526227467264 -0.583629567354544 0.394764725564185 0.0858200643476681 -0.0777103272253644 -1.00800111498437 -0.203375741682083 0.922181050636698 0.281086068907447
1.16646357608169 0.953493874436555 -0.837439812940584 -0.341514098573237 0.454489154637342 -0.611979775863319 0.382950658303242 0.105502328194472 -0.0951642519365765 -1.01529927372104 -0.193986307726924 0.909796945526568 0.2891505596635
1.18712516956139 0.961265956173749 -0.82670490936318 -0.320486017970848 0.456969721928272 -0.640779938202902 0.369735187434908 0.125277456892485 -0.112366084822265 -1.02213498969334 -0.18456783950676 0.896857532800858 0.296933924329025
1.20770167082724 0.970069780245623 -0.814066429833792 -0.300152842879361 0.459026777847493 -0.669916937366263 0.355039651986299 0.145142247879892 -0.129256795228335 -1.02851716978206 -0.175141781216554 0.883374921902172 0.304398576444889
1.2281682591619 0.979767921077612 -0.799511027533162 -0.280505286955472 0.460715134924564 -0.699262634122141 0.338795892608597 0.165090921532108 -0.145779174611027 -1.03445628933952 -0.165728023886875 0.869365367807412 0.311507198497902
1.24850156035251 0.990204222840505 -0.783034106221378 -0.261528966903741 0.46208533903309 -0.728675255936765 0.320948767188288 0.185115121442803 -0.161878605186464 -1.03996423082859 -0.156344728206969 0.854849109385783 0.318223333393432
1.26868012735232 1.00120637414005 -0.764641976839136 -0.243204967004268 0.463183545276857 -0.758001407135786 0.301458431562278 0.205204050721121 -0.177503820048485 -1.04505410519066 -0.147008157645221 0.839850054469536 0.324511977693706
1.28868490628498 1.01258902832897 -0.744353731165004 -0.225510383843209 0.464051490427226 -0.787078644485756 0.280302240737777 0.225344737072234 -0.192607612508122 -1.04974005434384 -0.137732530148049 0.824395317271601 0.330340142656171
1.30849965885306 1.02415736241625 -0.722202699784116 -0.208418854570805 0.464726551233904 -0.81573850784545 0.257476148550211 0.245522405589684 -0.207147449305482 -1.05403703450761 -0.128529898784129 0.808514628917926 0.33567734808961
1.32811131182465 1.03571092365464 -0.698237399729831 -0.191901072245719 0.465241877301015 -0.843809851408923 0.232995522428815 0.265720926854554 -0.221085945953449 -1.05796058236865 -0.119410071899523 0.792239655514094 0.340496017852971
1.34751020851636 1.04704758495227 -0.672521925681097 -0.175925289664046 0.46562658648043 -0.871122295288226 0.206895339200666 0.285923301045205 -0.234391172642135 -1.06152656883442 -0.110380581481843 0.775603267789211 0.344771754123977
1.36669024540485 1.05796742362979 -0.645135789540141 -0.160457809563205 0.46590600996534 -0.897509614066588 0.1792297795748 0.306112137388386 -0.247036774205979 -1.06475094757058 -0.101446704819017 0.758638810182198 0.348483479024996
1.38564888765829 1.06827635344355 -0.616173258359492 -0.145463455431436 0.466101973695587 -0.922812898012112 0.150071284663905 0.32627009237415 -0.259001904905853 -1.06764950709411 -0.0926115398991798 0.741379414719963 0.351613444805032
1.4043870685238 1.07778937329165 -0.585742273491164 -0.130906014368466 0.466233102568042 -0.946883358923184 0.119509170923122 0.346380238588752 -0.270270995153825 -1.07023763555839 -0.0838761302360361 0.723857396969638 0.354147125389861
1.42290898726647 1.08633334039422 -0.553963051200242 -0.116748642161858 0.466315134458103 -0.96958469823236 0.0876479167421389 0.366426346951451 -0.280833380207821 -1.07253010649122 -0.0752396307617888 0.706103759539773 0.356073010969609
1.44122182737035 1.09374922262242 -0.520966467033777 -0.102954221124592 0.46636123224087 -0.990795001497832 0.0546052347929067 0.386393076523315 -0.290682828694176 -1.07454089187281 -0.0666995036962365 0.6881478153495 0.357382332390412
1.45933542035295 1.09989382664487 -0.486892316054477 -0.0894856630362624 0.466382283748219 -1.0104081636086 0.0205100323062579 0.40626607610845 -0.299817011186918 -1.07628300647508 -0.0582517321209746 0.670016930366628 0.358068743307892
1.47726188089419 1.10464103069904 -0.451887523352876 -0.0763061522499167 0.466387181704361 -1.02833487844913 -0.0144996583514858 0.426032009394233 -0.308236946639469 -1.07776838477086 -0.0498910392811142 0.651736375376625 0.358127985920583
1.49501523664592 1.10788257107133 -0.416104359004144 -0.063379327106731 0.466383077901171 -1.0445032439646 -0.0502787188970266 0.445678519866788 -0.315946458557137 -1.07900778934116 -0.041611103092295 0.633329269474368 0.357557561649431
1.51261107194325 1.10952844040463 -0.379698692948681 -0.0506694007507972 0.466375607976895 -1.05885903965383 -0.0866769150282139 0.465194153285664 -0.322951664989528 -1.08001074781545 -0.0334047575286129 0.614816594529791 0.35635642251814
1.53006619958847 1.10950695616486 -0.342828310800163 -0.0381412249168665 0.4663690849759 -1.071365731248 -0.123540774175737 0.48456825462241 -0.329260518168826 -1.08078551409269 -0.0252641750891549 0.59621725947028 0.35452469325798
1.54739836969056 1.10776455220101 -0.305651302388495 -0.0257603021043343 0.466366661292272 -1.08200425009668 -0.160715358903777 0.50379085378592 -0.334882402045738 -1.08133904891013 -0.0171810270426661 0.577548195124205 0.352063429088404
1.5646260197727 1.10426533848738 -0.268324530652169 -0.013492752725036 0.466370459603678 -1.09077258576234 -0.198045928951509 0.522852550930117 -0.339827789787546 -1.0816770146778 -0.0091466203927841 0.55882446374768 0.348974410180329
1.58176806633737 1.09899046636003 -0.231002188117667 -0.00130524439426008 0.466381674003535 -1.09768522196577 -0.235379485885868 0.541744408335822 -0.344107958817905 -1.08180377976082 -0.0011520123570903 0.540059371424994 0.345259971174995
1.59884373494562 1.0919373304598 -0.193834450019756 0.0108351093490483 0.466400642792277 -1.10277243980885 -0.272566192772522 0.560457852298227 -0.34773475820173 -1.08172242794539 0.00681189543484806 0.521264575647166 0.340922862766882
1.61587242362878 1.08311863484271 -0.156966235485708 0.0229608738121272 0.466426894361824 -1.10607950865483 -0.309460658876117 0.578984585487019 -0.350720421906973 -1.08143476955351 0.0147542798326546 0.502450184066493 0.335966142074318
1.63287359302757 1.072561349209 -0.1205360897784 0.0351044347188404 0.466459167373941 -1.10766578392784 -0.345923077595542 0.597316508074445 -0.353077421388823 -1.08094135148393 0.0226843323431032 0.48362484340949 0.33039308904572
1.64986667592065 1.06030558129088 -0.08467520048757 0.0472981503531675 0.466495406061096 -1.10760373164405 -0.381820205573526 0.615445644612586 -0.354818351680294 -1.08024146428661 0.0306112044919725 0.464795819674024 0.324207147188321
1.66687099862583 1.0464033922233 -0.0495065584229269 0.0595745084888297 0.46653273102712 -1.10597790071213 -0.417026172604194 0.633364073148681 -0.355955846387817 -1.07933314517984 0.0385439582077743 0.445969072031162 0.317411888180042
1.68390570699864 1.03091758227751 -0.0151442699310852 0.071966282668496 0.466567385444734 -1.102883864946 -0.451423115513649 0.651063853289671 -0.356502518378764 -1.07821317667003 0.0464915171838963 0.427149323380363 0.310011001194867
1.70098969030082 1.01392047390568 0.0183069780622466 0.084506682607155 0.466594656080062 -1.09842715651284 -0.484901634142309 0.668536950715623 -0.356470924269624 -1.07687708112295 0.0544626154185677 0.40834013040733 0.302008308851056
1.71814149697487 0.995492717145643 0.0507523050623674 0.097229493535163 0.466608768157753 -1.09272221068081 -0.517361073220121 0.685775156830997 -0.355873551906891 -1.07531911226348 0.062465739458982 0.389543955432479 0.293407812447908
1.7353792372763 0.975722138897852 0.0821068867835871 0.11016919915339 0.466602752748835 -1.08589133805124 -0.548709639532423 0.702770003671124 -0.354722830768538 -1.07353224515343 0.0705090612614352 0.370762241482308 0.284213769507102
1.75272046875182 0.954702652534553 0.112296083472265 0.123361082549904 0.466568285152574 -1.07806373508446 -0.57886436862484 0.719512675704226 -0.353031165546626 -1.07150816672116 0.0786003590133154 0.35199549101693 0.27443080653331
1.77018206170208 0.93253323808205 0.141255466157655 0.136841298948614 0.466495492691991 -1.06937453703066 -0.607750958849646 0.735993921665698 -0.350810993085943 -1.06923726939452 0.0867469237497065 0.333243347728825 0.264064069336236
1.78778004304935 0.909316996332462 0.168930761988424 0.150646913570776 0.466372730493442 -1.05996390990324 -0.635303492481866 0.752203970932027 -0.348074862362904 -1.06670865081684 0.094955450153903 0.314504679884817 0.253119412209
1.80552941847214 0.885160273270638 0.195277739596431 0.164815897258414 0.466186324221145 -1.04997617052905 -0.661464063817576 0.76813246010257 -0.344835536326374 -1.06391012298664 0.103231910581665 0.295777662884065 0.241603625744709
1.82344397429543 0.860171844748149 0.220262053257191 0.17938707192386 0.465920279436571 -1.03955891667201 -0.686182332693762 0.783768376328214 -0.341106113237614 -1.06082823442992 0.111581412118744 0.277059858101703 0.229524701118869
1.8415360624416 0.834462145989192 0.243859060692345 0.194399997456789 0.465555958295783 -1.02886214344598 -0.709415018988129 0.799100024420251 -0.336900163709333 -1.05744830914822 0.120008037386967 0.258348284727974 0.216892126322365
1.85981637371391 0.808142526825427 0.266053624029142 0.209894791549242 0.465071725720037 -1.01803731837467 -0.731125349749179 0.814115024792046 -0.332231878050807 -1.05375450604084 0.128514670853838 0.239639481248797 0.203717207196968
1.87829370670187 0.781324512019208 0.286839897166102 0.225911874088298 0.464442568992053 -1.00723638610751 -0.751282466158155 0.828800348722764 -0.32711621691087 -1.04972990223159 0.137102813542546 0.220929553508822 0.190013403368323
1.89697474148936 0.754119047037672 0.306221096178641 0.242491628380005 0.463639696931035 -0.996610675417678 -0.769860793109677 0.843142396185753 -0.321569056751361 -1.04535660320902 0.145772390214252 0.202214207023267 0.175796666537108
1.91586382886554 0.726635713408966 0.324209243123227 0.259673972516007 0.462630127340356 -0.986309685924974 -0.786839370463583 0.857127119488883 -0.315607320600002 -1.04061588191401 0.154521554194668 0.183488762425125 0.161085766405333
1.93496280658687 0.69898190429895 0.340824868427143 0.277497835613173 0.461376274229354 -0.976479739912124 -0.802201142656498 0.870740193239095 -0.309249084067399 -1.03548834792335 0.163346495904408 0.164748154684255 0.145902588162991
1.95427085412086 0.671261959814454 0.356096653757169 0.296000535311992 0.459835549291078 -0.967262495126446 -0.815932203048248 0.883967227792533 -0.302513646998911 -1.02995414677834 0.172241261681757 0.145986918985806 0.130272385317154
1.97378439599429 0.643576271970843 0.370060996522478 0.31521705463158 0.457959995175446 -0.958793326602423 -0.828020991697925 0.896794019651328 -0.295421562532353 -1.02399318843431 0.181197589538659 0.127199168782982 0.114223972993693
1.99349706130534 0.616020380038602 0.382761479425797 0.335179217880943 0.455695971156635 -0.951199597919545 -0.838457450582432 0.909206828628123 -0.287994617782015 -1.017585402929 0.190204768015587 0.10837857430088 0.0977898497664276
2.01339970330326 0.588684086573132 0.394248233789849 0.355914766749991 0.452983914813935 -0.944598853323124 -0.847232148603785 0.92119266853064 -0.280255763722232 -1.0107110208352 0.199249523354345 0.0895183523045647 0.081006240367886
2.03348047861462 0.56165063121444 0.404577193321075 0.377446339078884 0.449758206317097 -0.939096970293325 -0.854335399638173 0.932739596148195 -0.272228995751982 -1.00335087595949 0.208315938969698 0.0706112798112926 0.063913056782283
2.05372498135197 0.534995961933489 0.413809244594546 0.399790354533449 0.44594716481368 -0.934786316466938 -0.859756409408227 0.943836982876915 -0.26393919036512 -0.995486728034822 0.21738540996086 0.0516497451579066 0.0465537804042597
2.07411642375325 0.508788140985659 0.422009290527041 0.422955814194133 0.4414732091583 -0.931743955179792 -0.863482499685341 0.954475754609404 -0.255411906718358 -0.987101603635769 0.226436634507338 0.0326258490263651 0.0289752722110195
2.09463585289661 0.483086915419585 0.429245251965709 0.446943025814657 0.436253217514877 -0.930029941234243 -0.865498469480587 0.964648588446125 -0.246673164106396 -0.978180153872248 0.235445643753197 0.0135315654261224 0.011227520353198
2.11526239292472 0.457943470493408 0.435587038919422 0.471742274184688 0.430199121616531 -0.929685744678097 -0.865786160535953 0.974350058952872 -0.237749207017025 -0.968709027138374 0.244385872376017 -0.00564103181449856 -0.00663666535899248
2.13597350422193 0.43340037044299 0.441105525994577 0.497332467359714 0.423218770724356 -0.930732837802705 -0.864324296718934 0.983576731433444 -0.228666268425473 -0.958677253844647 0.253228273411492 -0.0248994775887978 -0.0245620049860194
2.15674525479004 0.40949167683377 0.445871565985797 0.523679804636179 0.415217096269292 -0.93317148146995 -0.861088662255089 0.992327204231656 -0.219450339502949 -0.94807663730404 0.261941482733368 -0.0442505669276166 -0.0424911432304195
2.17755260389372 0.386243222324014 0.449955071688691 0.550736530250357 0.406097599273118 -0.936979752574372 -0.856052670961809 1.00060210568747 -0.21012695047039 -0.936902140695949 0.270492040275999 -0.0636999649915249 -0.0603650898056094
2.19836970279819 0.363673008789061 0.453424189749194 0.57843985586592 0.39576416753515 -0.942112864654981 -0.849188357284344 1.00840405351035 -0.200720963647475 -0.925152254600387 0.278844675854174 -0.0832517989099601 -0.0781237122066995
2.21917022086848 0.341791694429518 0.456344582930785 0.606711151725451 0.384123207469105 -0.948502846154969 -0.84046779039989 1.015737584764 -0.191256376622934 -0.912829323731802 0.286962666472193 -0.102908261032202 -0.0957062898492598
2.23992770632148 0.320603134913865 0.458778829761968 0.635455516607567 0.371086046805972 -0.956058651521432 -0.829864876567941 1.02260906349315 -0.181756131609902 -0.899939806385972 0.294808268687847 -0.122669257107182 -0.113052137077945
2.26061598877664 0.3001049481936 0.460785944075583 0.664561835853327 0.356571531275405 -0.964666784046927 -0.817357475350989 1.02902657069604 -0.172241926912362 -0.886494437197226 0.302343223676406 -0.142532133498816 -0.130101296764045
2.2812096253075 0.280289080142075 0.462421012025112 0.693903420855589 0.340508704888062 -0.974192500997664 -0.802929716913174 1.03499977852165 -0.162734028117313 -0.872508264524967 0.309529324489803 -0.162491513996686 -0.14679529637249
2.30168438359198 0.261142356977199 0.463734940876058 0.723339290774307 0.322839435204705 -0.984481647751506 -0.786574376080764 1.04053980800486 -0.153251079824405 -0.858000539175961 0.316329025671766 -0.182539268828895 -0.163077945847362
2.32201774638192 0.242647018813822 0.464774311961766 0.752716109350165 0.303520828240253 -0.995363128163988 -0.76829514020202 1.04565906803235 -0.143809922723339 -0.842994441427844 0.322706066502891 -0.202664626604505 -0.178896143779552
2.34218941278822 0.224781235167155 0.465581329174069 0.78187073185565 0.282527277718368 -1.00665196702281 -0.748108606892437 1.05037107300606 -0.134425424665456 -0.827516647550406 0.328626072624141 -0.222854425455654 -0.194200647958686
2.36218176583761 0.207519606829251 0.466193853698341 0.810633258044684 0.259852012931367 -1.01815286487394 -0.726045866629709 1.05469023793219 -0.125110337052838 -0.811596753216347 0.334057098345279 -0.24309348471584 -0.208946761292442
2.38198027400784 0.190833659007914 0.466645514995744 0.838830436590361 0.235508047258069 -1.02966409559828 -0.702153562253813 1.05863165211936 -0.115875188617751 -0.795266586590446 0.338970074603748 -0.263365065528917 -0.223094885985998
2.40157379769779 0.174692328417337 0.466965887112416 0.866289234111582 0.209528480152948 -1.04098156252892 -0.676494367265365 1.06221083571327 -0.106728227166467 -0.778559455625824 0.343339135246415 -0.283651380087446 -0.236610908079949
2.42095477941394 0.159062443163342 0.467180718334329 0.89284037318154 0.181966160841227 -1.05190281634488 -0.649146879175556 1.06544348618014 -0.097675416335754 -0.761509379978788 0.347141805873001 -0.303934106201349 -0.249466389537248
2.44011930741064 0.143909190039086 0.467312201262526 0.918321659347342 0.152892772802737 -1.06223084938643 -0.620204974065263 1.06834522389843 -0.088720489551425 -0.744150357030069 0.350359052870054 -0.324194866868361 -0.26163856331863
2.45906705455459 0.129196560399492 0.46737926986507 0.942580952773788 0.122397436601138 -1.07177751317328 -0.589776706466208 1.07093134679059 -0.0798650581451837 -0.726515704278567 0.352975203137297 -0.344415642512019 -0.273110144992114
2.47780110519454 0.114887763893574 0.467397910207942 0.965478687666799 0.0905849501651616 -1.08036645156037 -0.557982860373104 1.07321660332093 -0.0711087659334189 -0.708637508589793 0.354977755320632 -0.36457909473114 -0.283868989387214
2.49632769116872 0.100945599278399 0.467381472467004 0.986889892894701 0.0575737896701779 -1.0878354921731 -0.524955262137182 1.07521499140956 -0.062449479208417 -0.690546198845766 0.356357109824727 -0.384668792563798 -0.293907630616311
2.51465586289769 0.0873327731283561 0.467340973400483 1.00670571206227 0.0234939835992639 -1.09403848519063 -0.490834956999748 1.07693958828083 -0.0538834993930779 -0.672270244890994 0.357106247120225 -0.404669343389832 -0.303222747727148
2.53279712271159 0.0740121599914459 0.467285380511987 1.02483445526514 -0.0115150475532808 -1.09884661525659 -0.455770332958707 1.07840241346612 -0.0454057855499798 -0.653835974228191 0.357220382356956 -0.424566439237933 -0.311814596806977
2.55076504569822 0.0609470008185646 0.467221871392331 1.04120223570132 -0.0473066174909968 -1.10214923651989 -0.419915253901335 1.0796143245498 -0.0370101752203236 -0.635267489824389 0.356696620066531 -0.444346834725416 -0.319686444846208
2.56857490933705 0.0481010397410601 0.467156063935397 1.05575325298784 -0.0837288208226762 -1.1038542927289 -0.383427243112721 1.08058494309268 -0.0286895942566433 -0.616586667965639 0.355533627018054 -0.463998275127047 -0.326844032761411
2.58624334799054 0.0354386020872191 0.46709221507427 1.0684497841275 -0.120626473568316 -1.10388838621472 -0.346465741505954 1.08132260664837 -0.0204362489427574 -0.59781321401835 0.353731335233386 -0.483509392630023 -0.333295086290629
2.60378804282954 0.0229246186854271 0.467033387251078 1.07927193614628 -0.157842933619317 -1.10219655483171 -0.309190453631761 1.08183434192771 -0.0122417963709294 -0.578964755487725 0.351290681665698 -0.502869586439985 -0.33904888529477
2.62122745262039 0.0105246029416033 0.466981582965523 1.08821720493576 -0.195221794329675 -1.09874180787736 -0.271759788635849 1.08212585389668 -0.00409749148707113 -0.56005695502108 0.34821338665636 -0.522068898875605 -0.344115895169289
2.63858058639989 -0.00179541203820186 0.466937848452275 1.09529987552206 -0.23260844672464 -1.09350446348386 -0.234329401727636 1.08220152579238 0.00400568874484059 -0.54110363012787 0.344501770252343 -0.541097895664511 -0.348507458997185
2.65586681559565 -0.0140689687535109 0.466902347866186 1.10055029157391 -0.269851505097653 -1.0864813228204 -0.197050842768533 1.08206442557453 0.0120769420336334 -0.522116870663818 0.340158603777955 -0.559947554910716 -0.352235545811589
2.67310572064061 -0.0263293056346534 0.466874409377849 1.1040140171719 -0.306804088797264 -1.07768471153725 -0.160070320580586 1.08171631507114 0.0201255551673377 -0.5031071490306 0.335186993528141 -0.578609166040545 -0.355312548695479
2.69031696550378 -0.0386094953197647 0.466852544377571 1.10575091157031 -0.343324951289264 -1.06714141625055 -0.123527593088307 1.08115765892244 0.0281608322918287 -0.484083421247335 0.329590293809181 -0.597074237675104 -0.35775112610101
2.70752019268624 -0.0509425942499178 0.466834440627179 1.10583413720581 -0.379279447149429 -1.05489154295589 -0.0875549934777499 1.08038763130237 0.0361920328556322 -0.465053219399579 0.323372047487962 -0.61533441190279 -0.359564080343596
2.72473493096358 -0.0633617973719664 0.466816929751502 1.10434912158149 -0.414540328989692 -1.04098732420953 -0.0522766007618104 1.07940411925042 0.0442283149181897 -0.446022737445554 0.31653595342805 -0.633381381804863 -0.36076426834624
2.7419805083511 -0.0759005920730638 0.466795928980757 1.10139249389432 -0.448988369431267 -1.02549190182126 -0.0178075595494895 1.07820372225047 0.0522786796196064 -0.426996913035289 0.309085861434526 -0.65120680921518 -0.361364541054133
2.75927596330381 -0.0885929056624048 0.466766356588956 1.09707101656065 -0.48251280770629 -1.00847811089825 0.0157464511173332 1.07678174843556 0.0603519128509063 -0.407979508013885 0.301025796398913 -0.668802240421672 -0.36137770924982
2.77663994794502 -0.101473240732233 0.46672202006393 1.09150052959419 -0.515011625649389 -0.990027288861959 0.0482896055854584 1.07513220847603 0.0684565205031124 -0.388973189801226 0.292360014084312 -0.686159018674803 -0.360816534587426
2.79409061808115 -0.114576792559979 0.46665547573118 1.08480492189178 -0.546391663003099 -0.970228129331804 0.0797361872719186 1.07324780882834 0.0766006540856915 -0.369979615035828 0.283093091322533 -0.703268193792513 -0.359693745408225
2.81164550587574 -0.127939542366259 0.466557858377043 1.07711513798444 -0.576568586427433 -0.949175595618183 0.11001072805039 1.07111994658599 0.0847920239814343 -0.350999515892732 0.273230053250946 -0.720120430693253 -0.358022077232381
2.82932137231949 -0.141598319751859 0.466418679419892 1.06856822206639 -0.605466729841418 -0.926969902314532 0.139048050421525 1.06873870868268 0.0930377981523926 -0.332032788461536 0.2627765395661 -0.736705920221145 -0.355814337718494
2.84713403806399 -0.155590827057764 0.466225592408676 1.059306393664 -0.633018825396644 -0.903715566606237 0.166793232987968 1.06609287864077 0.101344484748785 -0.313078581599819 0.251739010601738 -0.753014297040951 -0.353083495350524
2.86509819281167 -0.169955617807326 0.46596412513627 1.04947614180829 -0.659165644363159 -0.879520524000963 0.193201519226889 1.06316995441298 0.109717797824844 -0.294135383835685 0.240124992356026 -0.769034570577291 -0.349842790180871
2.88322718529265 -0.184732020902405 0.465617378490313 1.03922731775286 -0.683855565564327 -0.854495296850458 0.218238187074014 1.05995618109807 0.11816250625552 -0.275201105244084 0.227943357425905 -0.784755075853986 -0.346105863681426
2.90153279789887 -0.199960001973253 0.465165693368853 1.02871220087661 -0.707044085966446 -0.82875219890336 0.241878392597592 1.0564366023745 0.126682266986371 -0.256273150826673 0.215204636223624 -0.800163451547831 -0.341886903209996
2.92002501222254 -0.215679953342713 0.464586288589114 1.01808450914542 -0.72869328398958 -0.802404555802712 0.264106995400466 1.05259513433999 0.135279444921882 -0.237348481853869 0.201921349980536 -0.815246652486121 -0.337200794902419
2.93871177392337 -0.231932404555698 0.463852874716729 1.00749832501641 -0.748771241559651 -0.775565920460714 0.284918366842922 1.04841466502501 0.143954923015392 -0.218423661961478 0.188108354095885 -0.829991003063534 -0.332063277111277
2.95759876730583 -0.248757646395401 0.462935251108502 0.997106910424775 -0.767251426476852 -0.748349264029375 0.30431617536835 1.04387718214169 0.1527079073744 -0.199494885618614 0.173783177667129 -0.844382296523073 -0.32649108504153
2.97668921142991 -0.266195262737972 0.461798896126464 0.987061390696315 -0.784112033029527 -0.720866127958345 0.322313136903063 1.03896393065243 0.161535733305096 -0.180557987970561 0.158966342931142 -0.858405942681866 -0.320502076236239
2.99598369017296 -0.284283566381565 0.460404563345794 0.977509296679305 -0.799335276684309 -0.693225730297741 0.338930713338514 1.03365560056467 0.170433679029324 -0.161608437036874 0.143681647284314 -0.872047163527793 -0.314115326313639
3.01548002809584 -0.303058936939327 0.458707899529026 0.968592966390847 -0.812906638861239 -0.665534029451521 0.354198739332212 1.02793254410599 0.179394794158481 -0.142641311756867 0.127956390933497 -0.885291232349126 -0.307351185091979
3.03517322204637 -0.322555060785018 0.456659103066497 0.960447820804486 -0.824814060854854 -0.63789276001947 0.368154957788356 1.02177502028325 0.188409749789117 -0.123651272250565 0.11182153531849 -0.898123748032686 -0.300231285107608
3.05505543516138 -0.342802074695525 0.454202644413523 0.953200541427694 -0.835047092213551 -0.61039846673217 0.380844447800028 1.01516346397021 0.19746671627268 -0.10463253159852 0.0953117812461774 -0.910530932371694 -0.292778497518859
3.07511605558025 -0.363825616193669 0.451277072760915 0.94696718823311 -0.843596008245544 -0.583141572039442 0.392318935484629 1.0080787762573 0.206551273412597 -0.0855788410121958 0.0784655608527231 -0.922499935245102 -0.285016834265321
3.09534181731606 -0.385645784844076 0.447814935765379 0.941851303760612 -0.850450923158619 -0.556205518916538 0.402635987393239 1.00050263289476 0.215646356298312 -0.0664835019697675 0.0613249433738277 -0.934019130924996 -0.276971299672141
3.1157169761181 -0.408276020388336 0.443742841634779 0.937942051929468 -0.855600938488194 -0.529666031541134 0.411858096853414 0.992417808181714 0.224732238546455 -0.0473394192421537 0.0439354602925479 -0.94507838893956 -0.268667698839004
3.13622352964882 -0.431721906417006 0.438981695102321 0.935312438461863 -0.85903337927676 -0.503590532044858 0.420051684174438 0.983808512338917 0.233786553764578 -0.0281392073507384 0.0263458597005059 -0.955669304988178 -0.260132413465085
3.15684146961597 -0.455979913245842 0.433447140508884 0.934017655144332 -0.860733180998329 -0.478037741898492 0.427286040489445 0.974660740844402 0.242784355891918 -0.00887535969677797 0.00860780176565492 -0.965785381147624 -0.251392157657574
3.17754905406302 -0.481036101736106 0.42705024569651 0.934093584696116 -0.860682496480754 -0.453057482960012 0.433632250784244 0.964962633917639 0.251698219832778 0.0104595155512542 -0.00922449342319908 -0.975422149468893 -0.24247372640958
3.19832309079508 -0.506864821567566 0.419698458676696 0.93555549940326 -0.85886059226308 -0.428690677835696 0.439162133586383 0.954704842857028 0.260498385347343 0.0298723954040435 -0.0270946375460589 -0.984577238261071 -0.233403747801285
3.21913922738568 -0.533427452830424 0.411296863734056 0.938396987149307 -0.855244096531122 -0.404969534318884 0.443947232797065 0.94388089698753 0.269152949077178 0.0493694880595791 -0.0449445021611031 -0.993250385047109 -0.224208446916076
3.23997224843094 -0.560671257622969 0.401749753305666 0.942589144071183 -0.849807645176074 -0.381917886448215 0.448057891870408 0.932487560590963 0.277628111185418 0.0689558430373504 -0.0627146855823838 -1.00144340362831 -0.214913425603036
3.2607963854923 -0.588528426293142 0.390962515444121 0.948080083049334 -0.84252494854736 -0.359551656756193 0.451562433103239 0.920525163809484 0.285888483577608 0.0886349506368867 -0.080345025220639 -1.00916011444637 -0.20554345835697
3.2815856482665 -0.616915417552197 0.378843813498807 0.954794818872639 -0.833370270022433 -0.337879401320444 0.454526456523626 0.907997886009197 0.293897465273031 0.108408361360368 -0.097775163740587 -1.01640624736957 -0.196122301532445
3.30231418593004 -0.645732698648671 0.365308005714489 0.962635599806243 -0.82232027070657 -0.316902901157573 0.45701226499208 0.894913965708725 0.301617686705711 0.128275358689606 -0.114945175198222 -1.02318932439833 -0.18667251150749
3.32295668478393 -0.674864986854009 0.3502777203445 0.971482756259369 -0.809356135904682 -0.296617769405361 0.459078415560182 0.881285809333293 0.309011518498122 0.148232717794036 -0.131796250879306 -1.02951852712733 -0.177215267618817
3.34348880239361 -0.704182073531165 0.333686470969575 0.981196125687059 -0.79446586328858 -0.277014052155895 0.460779392319005 0.867129973025125 0.316041632127923 0.16827457781733 -0.148271434457639 -1.03540455084246 -0.167770197670285
3.36388763024232 -0.733540276247534 0.315481172629369 0.991617086240928 -0.777646565541473 -0.258076809993395 0.462165392912103 0.852466998277813 0.322671591089898 0.188392446349534 -0.164316383960467 -1.04085944462735 -0.158355207129432
3.38413216802142 -0.762784515286349 0.295624407891 1.00257119085342 -0.758906627123422 -0.239786675567069 0.463282219232422 0.837321093138005 0.328866443307427 0.208575342289153 -0.17988012631398 -1.04589643542716 -0.148986316993448
3.404203784974 -0.79175095457555 0.274096297491645 1.01387134313105 -0.738267559527198 -0.222120388555501 0.464171262035553 0.821719664938475 0.334593280463929 0.228810069073267 -0.19491576169729 -1.05052973401174 -0.139677518766641
3.42408663903519 -0.820270092238674 0.250895854195477 1.02532140465123 -0.715765422950188 -0.205051312412559 0.46486956875471 0.805692725836593 0.339821729058914 0.24908159634088 -0.209381071922776 -1.05477432217747 -0.13044065713614
3.44376802416297 -0.848170142212874 0.226041738687672 1.03672007950678 -0.69145172201269 -0.188549937293912 0.465409983325017 0.789272206144452 0.344524342011211 0.269373516805552 -0.223238990872572 -1.05864572295 -0.12128535113864
3.46323862058407 -0.87528052356251 0.199572386734602 1.04786489474052 -0.665393732917684 -0.172584371178014 0.465821346183081 0.772491219993892 0.348676868149489 0.289668538375561 -0.236457905433071 -1.06215975836945 -0.112218962716419
3.48249263099059 -0.901435272336866 0.171545529190641 1.05855608983068 -0.637674271087827 -0.157120817493813 0.466128741897186 0.755383331531439 0.352258388556383 0.309948970416492 -0.249011770650508 -1.06533230194793 -0.103246617905877
3.50152779645632 -0.926476211308247 0.142037172210796 1.06860024506854 -0.608390953553246 -0.142124033760291 0.46635378134245 0.737981867096913 0.355251321422226 0.330197167398969 -0.260880040199787 -1.06817903449588 -0.0943712812224392
3.52034529701936 -0.950255750446127 0.111140137608034 1.07781351330229 -0.577655042835758 -0.127557762856166 0.466514905227723 0.720319310550351 0.357641308657091 0.350395901836852 -0.272047429640948 -1.0707152123872 -0.0855938790161444
3.5389495516238 -0.972639237491175 0.0789622793855386 1.08602436468367 -0.545589975674338 -0.1133851271925 0.466627696288798 0.702426806937845 0.359417006263451 0.370528649517611 -0.282503542744039 -1.07295545645546 -0.0769134635194133
3.5573479390794 -0.993506824895423 0.0456244924785894 1.09307580129755 -0.512329681104957 -0.0995689764021336 0.466705188626367 0.68433378634992 0.36056980541697 0.390579781486263 -0.292242398837928 -1.07491356783618 -0.0683274065790432
3.57555046527192 -1.01275485959637 0.0112586170542244 1.0988270405268 -0.478016781438056 -0.086072180930428 0.466758164383831 0.666067707318572 0.361093512234758 0.410534667288165 -0.301261901337327 -1.07660237460674 -0.0598316108974323
3.59356940213722 -1.03029683126241 -0.0239946786133519 1.10315469787372 -0.442800751411923 -0.0728578666113023 0.466795430025275 0.64765390904647 0.360984011940675 0.430379701426314 -0.309563285024109 -1.07803361047279 -0.0514207269165667
3.61141892152104 -1.04606393150581 -0.059987976406552 1.10595351988124 -0.406836090237561 -0.0598895883754305 0.466824066644112 0.629115555025366 0.360238938608136 0.450102269363474 -0.317150573662079 -1.07921782438884 -0.0430883649460581
3.62911474286456 -1.060005282366 -0.0965691083267599 1.10713672653885 -0.370280542456487 -0.0471314441728461 0.466849650783246 0.610473647308401 0.358857366034058 0.46969067082323 -0.324030071692747 -1.08016431813163 -0.0348272943413117
3.6466738085904 -1.07208788996371 -0.133583054948081 1.10663602262551 -0.333293389061363 -0.0345481326618006 0.466876444009444 0.591747090426815 0.356839529608133 0.489134017157707 -0.330209905547428 -1.08088110758452 -0.0266296240607062
3.66411399588044 -1.08229637202084 -0.170873729724456 1.10440133207125 -0.296033821136131 -0.0221049600504103 0.466907550860587 0.572952785941781 0.354186584054288 0.50842211689617 -0.335699622626717 -1.08137490283795 -0.0184869614275721
3.68145386878736 -1.09063249907831 -0.208285641756926 1.10040030173068 -0.258659403986893 -0.00976780265237454 0.466945045743819 0.554105742051304 0.350900398086249 0.527545360034941 -0.340509849929905 -1.08165110208625 -0.0103905481563449
3.69871247063081 -1.0971145810907 -0.245665430812475 1.09461761339783 -0.221324639113578 0.00249696769286767 0.466990069926053 0.535219186742001 0.346983384499876 0.546494607845881 -0.344652009959037 -1.08171379458788 -0.00233137454084016
3.71590915353581 -1.10177672501903 -0.282863267194616 1.08705413696484 -0.18417963278484 0.0147225880541829 0.467042899979455 0.516304677046178 0.342438362963207 0.565261091482678 -0.348138088862352 -1.08156576852886 0.00569972589914381
3.733063439774 -1.10466798552581 -0.319734107170786 1.07772595392715 -0.147368881821752 0.0269420315986542 0.467102988992538 0.497372200580156 0.337268452557917 0.583836319793903 -0.350980450601685 -1.08120852037406 0.0137119980437668
3.75019490818637 -1.10585142959855 -0.356138793414098 1.06666327879909 -0.111030188190861 0.0391881507994579 0.467168981604958 0.478430268425972 0.331476991695003 0.602211994692835 -0.353191690899297 -1.08064226311881 0.0217146992042926
3.7673230982697 -1.10540313611171 -0.391944990178328 1.05390930576694 -0.0752937133604901 0.0514938303447702 0.467238703538818 0.459486000458179 0.325067484075517 0.620379931237696 -0.354784525477382 -1.07986593169588 0.0297170414018633
3.78446742436173 -1.10341115200399 -0.427027945023572 1.03951900818483 -0.0402811808172313 0.0638921438191559 0.467309125840803 0.440545205416251 0.318043570616035 0.638331979194035 -0.355771708300832 -1.07887718461029 0.0377281376847961
3.80164709262761 -1.09997442695371 -0.461271072698592 1.02355791843891 -0.00610523087031158 0.0764165085147894 0.467376303568903 0.421612458473604 0.310409028473335 0.656059943168008 -0.356165976872717 -1.07767240164161 0.0457569483993811
3.81888101412283 -1.09520174744058 -0.494566361767104 1.00610091457595 0.0271310735684962 0.089100832864627 0.467435288198607 0.402691178900703 0.302167799301934 0.673555499262252 -0.355980022879147 -1.07624667816296 0.0538122235772116
3.83618770799836 -1.0892106884472 -0.526814610045851 0.987231037502882 0.0593345974198779 0.101979650944315 0.467480012625972 0.383783709828401 0.293324049533138 0.690810107449675 -0.355226487470165 -1.07459381727808 0.0619024379370261
3.85358518987028 -1.08212659666113 -0.557925500167166 0.967038358406304 0.0904223528197815 0.115088238254822 0.467503147347384 0.364891401251989 0.283882265692404 0.707814920326236 -0.353917981092333 -1.07270632157823 0.0700357153999279
3.87109084147339 -1.07408161306675 -0.58781753093587 0.94561891048173 0.120321604697267 0.128462702585019 0.467495926238602 0.34601469642089 0.273847387524532 0.724560690451534 -0.35206712800371 -1.07057538687243 0.0782197404791762
3.88872125896327 -1.06521373567612 -0.616417823134975 0.923073692478873 0.148969882751617 0.142140043197245 0.467447940383358 0.327153220750262 0.263224980947815 0.741037679997578 -0.349686635387881 -1.06819090074784 0.0864616544400652
3.906492078648 -1.05566591541473 -0.643661819768558 0.8995077444758 0.176314921104765 0.156158170938926 0.467346898663793 0.30830587145753 0.25202145159852 0.757235577801611 -0.346789386352547 -1.06554144925914 0.0947679347540266
3.9244177805519 -1.04558517052571 -0.669492900343695 0.875029289280931 0.202314545969451 0.17055588124478 0.467178354374244 0.289470905335763 0.240244297959986 0.773143430067452 -0.343388555082192 -1.06261433540322 0.103144257122205
3.94251147206236 -1.03512169800795 -0.69386192680454 0.849748926542948 0.226936528795737 0.185372771464999 0.466925398008803 0.270646021482359 0.227902400823191 0.78874959178783 -0.339497741066111 -1.05939561327019 0.111595340242919
3.96078465597565 -1.02442795529423 -0.716726735415622 0.823778861636344 0.250158417768891 0.200649093657888 0.466568317646731 0.251828435462121 0.215006343164339 0.804041706361872 -0.335131117720888 -1.05587014182399 0.120124774556547
3.97924698947244 -1.01365768231159 -0.738051584653883 0.797232148267806 0.271967354607126 0.21642553404378 0.466084230046757 0.233014941365148 0.201568751578923 0.819006720736186 -0.330303588985347 -1.05202166210134 0.128734837406423
3.99790604277544 -1.00296483387023 -0.757806564527337 0.770221923037865 0.292359876864025 0.232742910832367 0.465446687663312 0.214201958601969 0.187604647394836 0.833630942577439 -0.325030945748367 -1.04783290117941 0.137426298353529
4.01676706823999 -0.992502395459538 -0.775966968309106 0.742860612297521 0.311341699028167 0.249641783162015 0.464625269280938 0.195385561146551 0.17313179281071 0.847900144378497 -0.319330012490614 -1.04328570552505 0.146198219679902
4.03583279209798 -0.982421062168025 -0.79251262415721 0.715259096759808 0.328927459402671 0.267161965408215 0.463585164754539 0.176561488363295 0.158171015268492 0.861799716953338 -0.313218773539797 -1.03836120531663 0.155047758271304
4.05510324167036 -0.972867770365295 -0.80742718222478 0.68752582734285 0.345140414889375 0.285341943022443 0.462286767335405 0.157725138561518 0.142746492214557 0.875314871533847 -0.306716468131477 -1.03304001009537 0.163969975916919
4.07457562026586 -0.963984084253061 -0.820697353365266 0.659765896087597 0.360012063235087 0.304218188165461 0.460685290130179 0.138871548949854 0.126885978838351 0.888430885835082 -0.299843644276957 -1.02730243478494 0.172957665438605
4.09424423999369 -0.955904453147002 -0.832312098972456 0.632080077672223 0.373581672710842 0.323824375474777 0.458730426261614 0.119995368533326 0.110620963561246 0.901133385363301 -0.292622163408691 -1.02112875389663 0.182001199847444
4.11410051934918 -0.948754368709292 -0.842261778147046 0.604563868542274 0.38589570295973 0.344190500167016 0.456366075187316 0.101090833391109 0.0939867399756985 0.913408647413234 -0.285075150874491 -1.01449948080434 0.191088410898791
4.13413304797598 -0.942648462489456 -0.85053726809624 0.577306560212045 0.397007107754059 0.365341902277409 0.45353016034218 0.0821517562547555 0.0770223892498549 0.925243912232304 -0.277226891338042 -1.00739566848706 0.200204502088186
4.15432771604917 -0.937688591493608 -0.857129085756629 0.550390389112732 0.406974519964923 0.387298202380874 0.450154565791706 0.0631715438681849 0.0597706729972431 0.936627684283839 -0.26910267254586 -0.999799228152025 0.209331999548616
4.17466790105718 -0.933961962255193 -0.862026551831261 0.523889806122242 0.415861329943706 0.410072156132949 0.446165221887555 0.0441432557626876 0.0422778422776629 0.947550006813766 -0.260728585107095 -0.991693262576455 0.218450742829431
4.19513470124686 -0.931539342257946 -0.865217051030911 0.497870904041359 0.423734679166259 0.433668438216585 0.441482371864652 0.0250597164526802 0.0245933726829717 0.958002695118598 -0.252131289223734 -0.983062411571279 0.227537916540761
4.21570720335692 -0.930473402956332 -0.866685452314833 0.472391031206783 0.430664399766786 0.458082371749547 0.436021052548046 0.00591368948977644 0.00676963749712944 0.96797951777322 -0.243337761132536 -0.973893207262998 0.236568123635406
4.23636277288656 -0.930797233343206 -0.86641375832291 0.447498605557447 0.436721936161769 0.483298627785757 0.42969182216114 -0.0133018835925654 -0.0111384697261747 0.977476320019044 -0.234375032055746 -0.96417443642648 0.245513501781919
4.25707735794699 -0.932523059630313 -0.864381052197527 0.423233127915185 0.441979286599988 0.509289931715126 0.422401765597539 -0.0325935832760222 -0.0290739549654833 0.986491088730934 -0.225269930729439 -0.953897505454913 0.254343885694921
4.27782580214293 -0.935641207245588 -0.860563801283514 0.399625378394788 0.446508000174872 0.536015828850798 0.414055801108641 -0.0519671625279594 -0.046978182507429 0.99502396302211 -0.21604883746899 -0.943056800494152 0.263027019976418
4.29858216693425 -0.940119346839798 -0.854936560087102 0.376697767891587 0.450378259292418 0.563421578948209 0.404558300794683 -0.0714271669942441 -0.0647913743828792 1.00307719789422 -0.206737453909423 -0.931650030899982 0.2715288282923
4.31932006830845 -0.945902075321877 -0.847473089521168 0.35446480904436 0.453658069973181 0.591437266277515 0.393815019547987 -0.0909765509446005 -0.0824531559187122 1.01065508996457 -0.19736058884213 -0.919678539019972 0.279813744760841
4.34001303513926 -0.952910893136946 -0.838147877058802 0.332933668604029 0.456412574027366 0.619977224532916 0.381735303031436 -0.110616319832709 -0.0999031537917247 1.01776387413705 -0.187941957754361 -0.907147554304346 0.287845111546084
4.36063489638762 -0.961044645569441 -0.826938005410182 0.312104765508413 0.45870348929678 0.648939880061027 0.368234516113403 -0.130345232238961 -0.117081650039371 1.02441159842392 -0.178503992369329 -0.894066366184957 0.295585642408699
4.38116020091516 -0.970180493772049 -0.813825279534757 0.291972385143286 0.460588677668478 0.678208108628762 0.353236601866279 -0.150159592155947 -0.133930288487048 1.0306079815539 -0.169067656962136 -0.880448389397958 0.302997945449183
4.40156466742526 -0.98017546633851 -0.798798488184274 0.272525288702782 0.462121835829636 0.707650177635727 0.336676652354637 -0.170053156660641 -0.150392819816151 1.0363642552592 -0.159652270366051 -0.866311098598558 0.3100450901822
4.42182565395489 -0.99086861277001 -0.781855652280841 0.253747305477243 0.463352300700666 0.737121307292765 0.318503351580175 -0.190017174206321 -0.166415859841727 1.04169299095056 -0.150275335861285 -0.851675816744242 0.31669119570301
4.44192262803869 -1.0020837378304 -0.76300610327789 0.235617903645582 0.46432495977561 0.766465834184812 0.29868114350228 -0.210040556028795 -0.181949625007601 1.04660790942863 -0.140952384727163 -0.836567353399832 0.322902009734763
4.46183761204208 -1.01363264598619 -0.7422722433682 0.21811274050985 0.465080255688561 0.795519905476338 0.277191987679638 -0.230110169191479 -0.196948602284041 1.05112367259527 -0.131696842192673 -0.821013503403798 0.328645444476712
4.48155557489821 -1.02531877616991 -0.719690866080673 0.2012041955015 0.465654273722037 0.824114580668406 0.254036592358636 -0.25021122676312 -0.211372109639844 1.05525565771345 -0.122519926010806 -0.805044430950331 0.333892035650649
4.50106474259933 -1.03694106816625 -0.695313956982397 0.184861888844707 0.466078900363838 0.852079179321541 0.229235056618559 -0.2703277407158 -0.225184708932601 1.05901971717584 -0.113430587420043 -0.788691976460046 0.338615296352642
4.52035680533287 -1.04829788061291 -0.669208943360947 0.169053186228754 0.466382040324193 0.879244694384154 0.202826903036753 -0.290442998012863 -0.238356444781843 1.06243192933861 -0.104435501827462 -0.771988931325753 0.342791946609304
4.53942700815926 -1.05919078086517 -0.641458410809589 0.153743686329307 0.466587878771885 0.905447094535865 0.174870532037703 -0.310540020738447 -0.250862898742913 1.06550834809062 -0.0955391126098916 -0.75496832735218 0.346402011352803
4.55827412292403 -1.06942804804418 -0.612159345883159 0.138897684679688 0.466717175174611 0.930530363364492 0.145442170708548 -0.330601976598731 -0.262685065033553 1.06826475995624 -0.0867437267687447 -0.73766278335751 0.349428791802297
4.57690030974075 -1.07882776746668 -0.581421991965629 0.124478605129299 0.466787575267193 0.954349162337375 0.114634416698436 -0.350612515338749 -0.273809069260075 1.0707164574398 -0.0780496566789723 -0.720103942101054 0.351858725939046
4.59531088517199 -1.08722043970974 -0.549368418005213 0.11044938941136 0.466813928453477 0.976771050298377 0.082554489551735 -0.370556017656767 -0.284225762769248 1.07287803608069 -0.0694553986018635 -0.702322018423922 0.35368116137111
4.61351402006294 -1.09445107270434 -0.516130897966875 0.0967728361970905 0.466808599363373 0.997678236507247 0.0493222986035018 -0.390417754100678 -0.293930231222301 1.07476322060113 -0.0609578364558227 -0.684345466500457 0.354888067678123
4.63152039246512 -1.10038076384731 -0.481850186348021 0.083411883107314 0.466781764194249 1.01696888073999 0.0150684221537712 -0.410183960612978 -0.302921256712618 1.07638472301593 -0.0525524586889198 -0.666200762402956 0.355473715401536
4.64934282049429 -1.10488780716965 -0.446673756708189 0.0703298279683133 0.466741684643387 1.03455797920133 -0.0200679279351985 -0.429841843887146 -0.311200769118071 1.07775413305519 -0.0442335768083836 -0.647912289168044 0.355434345926453
4.66699589699983 -1.10786837696539 -0.410754050575607 0.0574904886005344 0.466694954443335 1.05037788836486 -0.0559409038677288 -0.449379533200496 -0.318773315809003 1.07888183906163 -0.035994535844191 -0.629502305861137 0.354767851653193
4.68449564346857 -1.10923684520369 -0.37424676695896 0.0448583031807756 0.466646715534984 1.06437854202291 -0.0923999485760239 -0.468785996130017 -0.325645570859581 1.07977697586626 -0.0278279093368069 -0.610990979736248 0.353473480196386
4.70185919549865 -1.10892578822127 -0.337309210153828 0.0323983754429455 0.466600842606857 1.07652741277833 -0.129291632453029 -0.488050934118754 -0.331825896878122 1.08044739509393 -0.0197256739513112 -0.592396460975178 0.351551570829432
4.71910452714953 -1.10688573184673 -0.300098706221479 0.0200764705616834 0.466560096017347 1.08680926128505 -0.166461389795868 -0.507164670970686 -0.337323965462449 1.08089965287565 -0.0116793612259206 -0.573734981904962 0.349003326688368
4.73625021697516 -1.10308467621257 -0.262771095854756 0.0078589685074172 0.466526243985901 1.09522570770515 -0.203755148131145 -0.526118043734329 -0.342150436673735 1.08113900995502 -0.00368018606249318 -0.555020966220697 0.345830622736227
4.75331525484064 -1.09750743430408 -0.22547931198766 -0.00428721793648483 0.466500155421823 1.10179465224056 -0.241020843434163 -0.544902301705607 -0.346316694018269 1.08116943955223 0.00428084674133017 -0.536267137846629 0.342035847276937
4.77031888580198 -1.09015481308392 -0.188372052799572 -0.016394753311808 0.466481864914997 1.10654956639573 -0.278109812115425 -0.563509015902675 -0.349834629167468 1.08099363896987 0.0122128553589552 -0.517484623067196 0.337621773808511
4.78728048536925 -1.08104266323233 -0.151592563135891 -0.0284960108750688 0.466470611312617 1.1095386741074 -0.314878048176727 -0.581929998642503 -0.352716469791373 1.08061304168588 0.0201250097876213 -0.498683043043379 0.33259146000375
4.80421945928226 -1.07020082285599 -0.115277538585788 -0.0406232187579069 0.466464851021282 1.11082404161389 -0.351187312435495 -0.600157230938109 -0.354974644097396 1.08002782749717 0.0280264727719909 -0.479870596559059 0.326948171325403
4.82115516037713 -1.05767198119015 -0.0795561657904988 -0.0528086148794926 0.466462246769767 1.11048059606964 -0.386906080979268 -0.618182794372618 -0.356621676597829 1.07923692909528 0.0359263486664944 -0.461054134722661 0.320695327931334
4.83810681507884 -1.04351048940156 -0.0445493097933574 -0.0650846050103076 0.466459632100503 1.10859509441187 -0.421910322307146 -0.63599880383599 -0.357670110942125 1.07823803423634 0.0438336361062075 -0.44223923040035 0.313836474835916
4.85509345239222 -1.02778114618881 -0.0103688546407186 -0.0774839186996145 0.466452951374382 1.10526506488842 -0.456084096733664 -0.653597337914017 -0.35813245705928 1.07702758339177 0.0517571805165858 -0.423430245477758 0.306375276542693
4.87213382887483 -1.01055798527026 0.022882802405382 -0.0900397579436178 0.466437174613845 1.10059774321387 -0.489319977019227 -0.670970364643179 -0.358021161142163 1.07560076342878 0.0597056227623894 -0.404630398785604 0.298315538379773
4.88924634387798 -0.991923089644645 0.0551131089989504 -0.102785933461278 0.466406186108696 1.09470902310592 -0.521519295107647 -0.688109661624062 -0.357348598015997 1.07395149847256 0.0676873405795098 -0.385841836848505 0.289661257436486
4.90644894028079 -0.971965453617839 0.086239580119307 -0.115756983250016 0.466352645401658 1.08772243686785 -0.552592225520965 -0.705006730962321 -0.35612708607517 1.07207243965295 0.0757103798287294 -0.367065708690632 0.280416706246439
4.92375898699244 -0.950779908203829 0.116189901613401 -0.128988267721906 0.466267819091753 1.07976817592573 -0.582457720705154 -0.721652711041487 -0.354368925203387 1.06995495594278 0.0837823730513262 -0.348302244901297 0.27058655215206
4.94119314065984 -0.928466119033308 0.14490193505606 -0.142516035200162 0.466141381882415 1.07098215423347 -0.611043316938476 -0.738038288611991 -0.352086457906266 1.06758912875634 0.0919104433006466 -0.329550840144353 0.260176014605618
4.95876718531287 -0.90512765887305 0.172323645525624 -0.156377450935341 0.465961185501637 1.06150510980839 -0.638284831027261 -0.754153616013181 -0.349292153302592 1.06496375338649 0.10010109179054 -0.310810137373311 0.249191061512051
4.97649585013867 -0.88087114987051 0.198412973278636 -0.170610582153252 0.465712994581448 1.05148173202376 -0.664125967860083 -0.769988239450119 -0.345998712678021 1.06206635070126 0.108360068566658 -0.292078111251148 0.237638644111361
4.99439260722406 -0.855805464295331 0.223137667749209 -0.185254331065074 0.465380189352527 1.0410597953604 -0.688517857101736 -0.785531045047044 -0.342219194056142 1.05888319276402 0.116692226195168 -0.273352147716976 0.225526967860972
5.01246945294124 -0.830040967434961 0.246475098038734 -0.200348307362395 0.464943436131444 1.03038927479735 -0.711418534170179 -0.800770229808414 -0.337967151759339 1.05539934614439 0.125101357390295 -0.254629116335981 0.212865794369043
5.03073667862892 -0.803688782953248 0.268412048476959 -0.215932631596137 0.464380328085489 1.01962141454938 -0.732792376562448 -0.81569330453754 -0.333256785316919 1.05159873660369 0.133590018561265 -0.23590543206615 0.199666766755652
5.04920263822694 -0.776860059908057 0.288944501421553 -0.23204766109403 0.463665000665497 1.00890772100209 -0.75260950208705 -0.830287135084914 -0.328103090469964 1.04746423852402 0.142159342413334 -0.217177103439107 0.185943748056628
5.06787352237001 -0.74966522210637 0.308077402825796 -0.248733630765102 0.462767728384153 0.99839885287147 -0.770845131209949 -0.844538026926573 -0.322522003605059 1.04297779188012 0.150808843910953 -0.198439764953547 0.171713159694104
5.08675314987617 -0.722213184735283 0.325824399945349 -0.266030202271158 0.461654512237522 0.98824338700644 -0.787478912182871 -0.858431855950919 -0.316530529946157 1.03812054873129 0.159536224990157 -0.179688692780374 0.156994304955999
5.10584278827812 -0.694610530159489 0.342207535641671 -0.283975916541619 0.460286669942857 0.978586446701106 -0.802494205584528 -0.871954245484983 -0.310146845488502 1.03287305019083 0.168337184251066 -0.160918804705853 0.141809661237435
5.12514101475077 -0.66696064397303 0.357256880831663 -0.302607546327498 0.458620444199991 0.969568190300527 -0.815877325031654 -0.88509078616309 -0.303390363193333 1.02721543371414 0.177205238326557 -0.14212464755105 0.126185124866775
5.14464362728408 -0.639362822965056 0.371010086373204 -0.321959347253929 0.45660664728126 0.961322170218984 -0.827616733654464 -0.897827291522046 -0.296281755523077 1.02112766948243 0.186131561599902 -0.123300377960381 0.110150193923174
5.16434361320497 -0.611911377326773 0.38351183844563 -0.342062207486238 0.45419036334208 0.953973584813009 -0.83770220178771 -0.910150078626317 -0.288842927991602 1.01458982381244 0.195104850397742 -0.104439745186126 0.0937380775938591
5.18423117837231 -0.584694758629077 0.394813207260622 -0.362942697636101 0.451310732880413 0.947637456265176 -0.846123940141035 -0.922046260102944 -0.281096941854572 1.00758234703482 0.204111216790906 -0.0855360869318819 0.0769857250636643
5.2042938360193 -0.557794751241118 0.404970887203869 -0.384622024077384 0.447900846741025 0.9424167753185 -0.852871733944894 -0.933504032216654 -0.273067887992775 1.00008638321754 0.213134115893056 -0.0665823510008909 0.0599337720997176
5.22451654997619 -0.531285766636096 0.414046336252769 -0.407114890871349 0.443887779920958 0.938400657507444 -0.857934116173727 -0.944512943437499 -0.264780717906844 0.992084099398772 0.222154309356407 -0.0475711559612754 0.0426264085504349
5.24488192364737 -0.505234276760855 0.42210483237567 -0.430428278756807 0.439192798044162 0.935662555517661 -0.861297630419831 -0.95506412950888 -0.256261040935218 0.983559032411752 0.231149866965743 -0.0284949029028746 0.0251111739694738
5.26537042433786 -0.479698414498736 0.429214473121146 -0.454560155071033 0.43373177138326 0.934258569569766 -0.862946244504406 -0.965150504167359 -0.24753489877807 0.974496451562005 0.240096208115468 -0.00934594739464814 0.00743869066260051
5.28596063276835 -0.454727757288931 0.435445150476132 -0.479498136946967 0.427415832047251 0.934225894235895 -0.862860982523384 -0.974766898943031 -0.23862852880021 0.964883734898168 0.248966185653515 0.00988316404486029 -0.0103376568533074
5.30662950992802 -0.430363295951575 0.440867535506845 -0.505218142283268 0.420152308387125 0.935581438234841 -0.86101984389397 -0.983910150193862 -0.229568126331224 0.954710755162881 0.257730215984816 0.0291993950309778 -0.0281620896535938
5.3273526773716 -0.40663757683863 0.445552106130038 -0.531683078740786 0.411845965433508 0.938320655579414 -0.857398071563547 -0.992579135920893 -0.220379613546106 0.943970268434285 0.266356461060943 0.0486088674866051 -0.0459768475148384
5.34810471182653 -0.383574993650647 0.449568247067485 -0.558841639312024 0.402400569779018 0.942416632962669 -0.851968816846504 -1.0007747682671 -0.211088419051061 0.93265829397843 0.274811069304292 0.0681164742886683 -0.0637226502532333
5.36885945939927 -0.361192197231591 0.45298344457557 -0.586627291540664 0.391720780500045 0.947819488772253 -0.844704225075615 -1.00849994943453 -0.201719268760558 0.920774468338232 0.283058482835408 0.0877254810962977 -0.0813392140748519
5.38959037753805 -0.339498588251427 0.455862591112346 -0.614957562716971 0.379714343982685 0.954456150968396 -0.835576935095031 -1.01575949889315 -0.192295985815922 0.908322351045606 0.291061816817475 0.107437147847539 -0.0987658310015549
5.41027091317359 -0.318496858948766 0.458267407861367 -0.643733730958984 0.366294540708233 0.962230589907748 -0.824561948569601 -1.02256005837887 -0.182841295822264 0.895309654813953 0.298783312760849 0.127250403564918 -0.115942016938586
5.43087492251493 -0.2981835552937 0.460255986855346 -0.672841027543814 0.3513827987726 0.971024582837512 -0.811638785627946 -1.02890997877397 -0.173376633956205 0.881748371109623 0.306184861155304 0.147161607664342 -0.132808227199101
5.45137713187631 -0.278549638703362 0.461882449803214 -0.702149435792998 0.334911356630639 0.980699074496358 -0.796793806433853 -1.03481919022229 -0.163921952527366 0.867654763960861 0.313228580354911 0.167164426261431 -0.149306627827547
5.47175363048636 -0.259581035125512 0.463196717660051 -0.731515135254566 0.316825832112729 0.991096170380077 -0.78002254977278 -1.04029905450643 -0.154495530948157 0.853049211568046 0.319877429432401 0.187249842938384 -0.165381898484245
5.49198237702356 -0.241259167208677 0.464244383183025 -0.760782589330038 0.297087542229925 1.00204175653871 -0.76133192541295 -1.04536219744164 -0.145113794001176 0.837955886648905 0.326095824466012 0.207406310792727 -0.180982030464837
5.51204369361141 -0.223561471020428 0.465066677692786 -0.789787216076536 0.275675423356867 1.01334868709696 -0.740742101049653 -1.0500223191927 -0.135791147808833 0.822402281282606 0.331850222304231 0.227620037910087 -0.196059074495399
5.5319207161366 -0.206461901558899 0.465700522510198 -0.818358524772797 0.252587425752201 1.02482042633169 -0.7182879482624 -1.05429398199308 -0.126539845056662 0.806418598071212 0.337109634823521 0.247875383921867 -0.21056978976686
5.55159976940894 -0.189931431054179 0.466178654718371 -0.84632355499242 0.227841297744826 1.0362549860466 -0.694019952463197 -1.05819237736426 -0.117369891141649 0.790037043891723 0.341846040787616 0.268155333472529 -0.224476149645969
5.57107064026641 -0.173938541398992 0.466529815903513 -0.873510428740732 0.201474727119491 1.04744897013972 -0.668004543023004 -1.06173307794702 -0.108289000832238 0.773291072653988 0.346034671264632 0.288442005293029 -0.237745670432396
5.59032673052438 -0.158449708086899 0.466778991480159 -0.899751824087085 0.173544861621644 1.05820153217398 -0.640323853101803 -1.06493178172666 -0.099302611092607 0.756214627434272 0.349654156717474 0.308717154292387 -0.250351545624869
5.60936508303381 -0.143429869026671 0.466947687375712 -0.924888199938215 0.144127278117667 1.06831806896488 -0.611074965493379 -1.06780405813699 -0.0904139507181315 0.738841429578639 0.352686537204338 0.328962628558344 -0.262272586486208
5.62818628595121 -0.128842868611161 0.467054230524381 -0.948770640691141 0.113314503805788 1.0776135093023 -0.58036873433017 -1.07036510591505 -0.0816241623220371 0.721204353738783 0.355117149325356 0.349160752176262 -0.273492987003321
5.64679427064111 -0.114651866089587 0.467114079996401 -0.971263238029006 0.0812142094958259 1.08591510411859 -0.548328289492227 -1.07262953163081 -0.0729324679036467 0.703334915275413 0.356934412780123 0.369294616355392 -0.284001944876478
5.6651960259971 -0.100819697762415 0.467140136704326 -0.99224497603718 0.0479471947734466 1.09306467379959 -0.515087331477773 -1.07461115580388 -0.0643363663365875 0.685262882491696 0.358129544627296 0.389348273312184 -0.29379317829071
5.68340125573379 -0.0873091845007117 0.467143041367402 -1.01161112765757 0.0136452714035139 1.09892031215828 -0.480788312770916 -1.07632285088504 -0.0558318498891375 0.667016013055792 0.358696230446186 0.409306837829243 -0.30286438055705
5.70142200548493 -0.0740833790447965 0.467131452551752 -1.02927420072405 -0.0215508700904357 1.10335757976885 -0.445580582461316 -1.07777641260111 -0.0474136272289476 0.648619903448782 0.358630279235591 0.429156509152326 -0.311216652006646
5.71927228400853 -0.0611057508534838 0.467112298871968 -1.04516448910808 -0.0574937496092898 1.10627023996156 -0.409618549262678 -1.07898246364222 -0.0390753419280528 0.630097933233472 0.35792928414567 0.448884530408741 -0.318853942217619
5.73696769839036 -0.0483403094328344 0.467091001593445 -1.05923029019602 -0.0940311032038749 1.10757059962886 -0.37305989838957 -1.07995038667701 -0.0308097778187139 0.611471282507021 0.35659230524714 0.468479104169987 -0.325782527428428
5.75452511781493 -0.0357516697159362 0.467071665731762 -1.07143784702 -0.131007783086365 1.10718951673594 -0.336063882645397 -1.08068828233542 -0.022609045210179 0.592759000620993 0.354619584584761 0.487929281714425 -0.332010539374584
5.77196237504554 -0.0233050650184199 0.467057239199912 -1.08177106545549 -0.168267540662068 1.1050761304739 -0.298789698537844 -1.08120294709536 -0.0144647445976946 0.573978106341363 0.352012298538334 0.507224840753988 -0.337547553940642
5.78929800979974 -0.0109663143374712 0.467049640572913 -1.09023104728293 -0.205654686692505 1.1011973616204 -0.261394953880408 -1.08149986586521 -0.00636810682977537 0.555143703192 0.348772348492568 0.526356162673204 -0.342404241662794
5.80655105405834 0.00129824862121302 0.467049856644001 -1.09683547107074 -0.243015623781028 1.09553722244952 -0.224034232862973 -1.08158321434148 0.00168988938740029 0.536269097956654 0.344902188164855 0.545314116384816 -0.346592077552257
5.82374085614407 0.0135218771750887 0.467058011193843 -1.10161784623223 -0.280200244911388 1.08809596905714 -0.186857766282455 -1.08145586680703 0.00971842032250279 0.517365914543181 0.340404684595026 0.564089952263845 -0.35012310491753
5.84088693814317 0.0257375368460653 0.467073406357069 -1.10462666171799 -0.31706318951141 1.07888912487193 -0.15001021684566 -1.081119405801 0.0177267370621721 0.498444199169929 0.335283009551881 0.582675206631071 -0.353009746614055
5.8580088798274 0.0379780470758119 0.467094537725064 -1.10592444933062 -0.353464946874401 1.06794640225481 -0.113629590850664 -1.08057413093982 0.0257240984293836 0.47951251583659 0.329540558669639 0.601061615103224 -0.355264657099025
5.87512622153085 0.0502762330194966 0.467119083941259 -1.10558678179556 -0.389272796663612 1.05531054877606 -0.0778462872776472 -1.07981906503193 0.0337197127525606 0.460578033170862 0.323180896686337 0.619241031861058 -0.356900609438899
5.89225837829719 0.0626650813931005 0.467143871086957 -1.10370122648222 -0.424361578015967 1.04103614508911 -0.0427822930709907 -1.07885195646158 0.0417226842186098 0.441646605004632 0.316207728429276 0.637205351456941 -0.357930412647887
5.90942455790166 0.0751778946797905 0.467164811674525 -1.10036627606187 -0.458614282325869 1.02518838138208 -0.0085505293486571 -1.07766927759538 0.0497419596814194 0.422722847523708 0.308624896438265 0.654946430071665 -0.358366856119686
5.92664367595172 0.0878484381821649 0.467176817604991 -1.09569027663914 -0.491922469638438 1.00784183845698 0.024745652033446 -1.07626621968001 0.0577862720623626 0.403810215701466 0.300436407149165 0.672456003978537 -0.358222679211529
5.94393426209002 0.100711074411054 0.467173686048326 -1.08979037152853 -0.524186514016247 0.989079297117476 0.0570128279679203 -1.07463668535127 0.065864076831825 0.384911081139457 0.291646488246974 0.689725604211811 -0.357510565078801
5.96131435230614 0.113800879118993 0.467147956904558 -1.08279147472667 -0.555315688515327 0.968990595607674 0.0881677316107688 -1.07277328046819 0.0739834784776977 0.366026812565575 0.282259680056021 0.706746467902613 -0.356243158533721
5.97880136348154 0.12715373292873 0.467090740341158 -1.07482528241559 -0.585228104843473 0.947671549486861 0.118137364502315 -1.07066730752646 0.0821521443413465 0.347157859232531 0.272280963618151 0.723509448293923 -0.354433107959499
5.99641194754471 0.140806382007295 0.466991512919008 -1.06602932392656 -0.613850525871411 0.925222941919266 0.146859012952403 -1.06830876339251 0.0903772037416533 0.328303836438019 0.261715927396564 0.740004926954485 -0.352093131138219
6.01416182402106 0.154796460650876 0.466837881061901 -1.05654604606915 -0.641118070628711 0.901749585418272 0.17428018956681 -1.06568634452373 0.0986651309325836 0.309463611446524 0.250570973329094 0.756222733077201 -0.34923610426168
6.03206559135162 0.169162468054953 0.466615311142191 -1.04652191725909 -0.666973831158772 0.877359449204139 0.20035852001658 -1.06278746318026 0.10702161117427 0.290635387301491 0.238853561251494 0.77215207587876 -0.345875172425766
6.05013651914318 0.183943691048504 0.466306826296295 -1.0361065311788 -0.691368418741386 0.852162840130294 0.22506159244509 -1.05959827835581 0.115451390064273 0.271816781433212 0.226572488553063 0.787781496922589 -0.342023878617338
6.06838632548789 0.199180064283519 0.465892671289988 -1.02545168449767 -0.71425945379078 0.826271620214145 0.248366782500792 -1.05610374521462 0.12395810728412 0.253004895648459 0.213738199385388 0.803098849566154 -0.33769630666951
6.0868249455868 0.214911959403449 0.465349948351315 -1.0147104001484 -0.735611009608631 0.799798440744948 0.270261061257315 -1.05228768667053 0.132544117051812 0.234196374096538 0.200363114950163 0.818091312573985 -0.332907232001976
6.1054602999923 0.23117989515675 0.464652228880772 -1.00403586739032 -0.755393015634569 0.772855972233563 0.290740786753797 -1.04813289034134 0.141210298784357 0.215387446217363 0.186461973552024 0.832745444123975 -0.327672272336383
6.12429807263475 0.24802416131928 0.463769148304985 -0.993580272811085 -0.77358062150583 0.745556111491803 0.309811473200845 -1.04362123343684 0.149955862675337 0.1965739525679 0.172052166513446 0.847047280868936 -0.322008029188786
6.14334151013231 0.265484350618688 0.462665993998122 -0.983493502669669 -0.790153519803116 0.718009152050978 0.327487525804994 -1.03873383720994 0.158778155952255 0.177751352856117 0.157154054084808 0.860982484353814 -0.315932210037065
6.1625912543828 0.283598794511856 0.461303299062485 -0.973921706322317 -0.805095223547387 0.690322911810459 0.343791924484901 -1.03345125148646 0.16767247634443 0.158914717503332 0.141791244554212 0.874536533983121 -0.309463720898644
6.18204521981208 0.302403900478513 0.459636457730293 -0.965005722180379 -0.818392295013761 0.662601821701864 0.358755837283468 -1.02775366861294 0.176631899616931 0.140058706542852 0.125990820239816 0.887694962070081 -0.302622719856749
6.20169852472742 0.321933390255544 0.45761538112526 -0.956879380513973 -0.83003352579292 0.634945990258426 0.372418144667659 -1.0216211650908 0.185647127807714 0.121177542469619 0.109783496161737 0.900443622621172 -0.295430623969453
6.22154348301899 0.342217439985302 0.455184215039534 -0.949667709853174 -0.840009074528349 0.60745026986787 0.384824859488814 -1.01503396837771 0.194706364031584 0.102264986479331 0.0932037009210837 0.912768981898378 -0.28791006495267
6.24156965824841 0.363281724566806 0.452281144216164 -0.943485084047975 -0.848309578246966 0.580203359481167 0.396028434030802 -1.00797274597474 0.203795218496627 0.0833143299612139 0.0762895743131532 0.924658416013517 -0.280084792809782
6.26176397751119 0.385146369799118 0.448838310384994 -0.938433353800562 -0.8549252650291 0.553286984001442 0.406086954644106 -1.00041891402765 0.212896648956728 0.0643184146564966 0.0590828817868425 0.936100499371151 -0.271979530743572
6.28211089810833 0.407824817710098 0.444781873962153 -0.934600008940952 -0.859845108752519 0.526775191230851 0.415063234790365 -0.992354963156569 0.221990937536041 0.0452696950997925 0.0416288510992521 0.94708526805677 -0.263619788635295
6.30259261682315 0.431322613577084 0.440032251757226 -0.932056416155447 -0.86305607917086 0.500733802578361 0.423023827413633 -0.983764799825204 0.231055705070659 0.0261603554635423 0.0239759404007749 0.957604444361655 -0.255031645471436
6.32318931015825 0.455636128546025 0.434504564876742 -0.930856172670624 -0.864542550753003 0.475220044124596 0.430037985876261 -0.974634101863852 0.240065964106835 0.00698248955433811 0.00617554869156594 0.967651612309507 -0.246241512798403
6.34387939462556 0.480751240365862 0.428109331574622 -0.931033611777173 -0.864285939569897 0.450282371411309 0.436176607995275 -0.964950686285791 0.248994212580255 -0.0122716524696763 -0.0117183213028247 0.977222338755461 -0.237275891277433
6.36463979904355 0.506642007131587 0.420753438007455 -0.932602493586927 -0.862264637297626 0.425960486455337 0.441511199290171 -0.954704885845463 0.257810571824377 -0.0316093537626282 -0.0296494411182522 0.986314239608085 -0.228161130706127
6.375 0.519818089317937 0.416699127366669 -0.933901598433825 -0.860591278661845 0.414083509115886 0.443892151295176 -0.949388152633039 0.262149335879386 -0.0412771469160058 -0.0385751560605234 0.990665299549039 -0.223574179818865
