0.005 5.29545178907722
0.01 4.59947986716721
0.015 4.19123054837267
0.02 3.90080450528345
0.025 3.67495693660004
0.03 3.48997103268698
0.035 3.33319539666546
0.04 3.19707816307097
0.045 3.0767481295267
0.05 2.96887919041412
0.055 2.87109889636913
0.06 2.78165545250186
0.065 2.69921846677
0.07 2.62275375008187
0.075 2.55144141547947
0.08 2.48462046367448
0.085 2.42175019774647
0.09 2.36238268348345
0.095 2.30614266558335
0.1 2.25271264138442
0.105 2.20182158011734
0.11 2.15323626881452
0.115 2.10675458349397
0.12 2.06220019345746
0.125 2.01941834734442
0.13 1.97827248615019
0.135 1.93864149579494
0.14 1.90041745958347
0.145 1.86350380523092
0.15 1.82781376614359
0.155 1.79326909509121
0.16 1.7597989821647
0.165 1.72733913928244
0.17 1.69583102139835
0.175 1.6652211606249
0.18 1.63546059417729
0.185 1.6065043707089
0.19 1.57831112248967
0.195 1.55084269316208
0.2 1.52406381262914
0.205 1.49794181208918
0.21 1.47244637341122
0.215 1.44754930800105
0.22 1.42322436108924
0.225 1.39944703801219
0.23 1.37619444958534
0.235 1.35344517410445
0.24 1.33117913387389
0.245 1.30937748446446
0.25 1.28802251515743
0.255 1.26709755924542
0.26 1.2465869130416
0.265 1.22647576260174
0.27 1.20675011729395
0.275 1.1873967494623
0.28 1.16840313952515
0.285 1.14975742593122
0.29 1.13144835946632
0.295 1.11346526146455
0.3 1.09579798553013
0.305 1.07843688242172
0.31 1.06137276779073
0.315 1.04459689249944
0.32 1.02810091527544
0.325 1.01187687748475
0.33 0.99591717982979
0.335 0.980214560798409
0.34 0.964762076708303
0.345 0.949553083207192
0.35 0.934581218103001
0.355 0.919840385410856
0.36 0.905324740514871
0.365 0.891028676352411
0.37 0.876946810537365
0.375 0.863073973346875
0.38 0.849405196502856
0.385 0.835935702686031
0.39 0.822660895725711
0.395 0.809576351413755
0.4 0.796677808895579
0.405 0.783961162595202
0.41 0.771422454635045
0.415 0.759057867714552
0.42 0.746863718414528
0.425 0.734836450897178
0.43 0.722972630973933
0.435 0.711268940515634
0.44 0.699722172181568
0.445 0.688329224445813
0.45 0.677087096900871
0.455 0.665992885820329
0.46 0.655043779963455
0.465 0.644237056606138
0.47 0.633570077783619
0.475 0.623040286731552
0.48 0.612645204513005
0.485 0.602382426819738
0.49 0.592249620937209
0.495 0.582244522863146
0.5 0.572364934570577
0.505 0.562608721406684
0.51 0.552973809619341
0.515 0.543458184004043
0.52 0.534059885664102
0.525 0.524777009877733
0.53 0.515607704065824
0.535 0.506550165854876
0.54 0.497602641229693
0.545 0.488763422770883
0.55 0.480030847972595
0.555 0.471403297636037
0.56 0.462879194334823
0.565 0.45445700094818
0.57 0.44613521925856
0.575 0.437912388610248
0.58 0.429787084625725
0.585 0.42175791797696
0.59 0.41382353320867
0.595 0.405982607611108
0.6 0.398233850139652
0.605 0.390576000379129
0.61 0.383007827550491
0.615 0.375528129557831
0.62 0.368135732073771
0.625 0.360829487661415
0.63 0.353608274931057
0.635 0.34647099773007
0.64 0.339416584364324
0.645 0.332443986849803
0.65 0.325552180192867
0.655 0.318740161697948
0.66 0.31200695030143
0.665 0.305351585930465
0.67 0.298773128885657
0.675 0.292270659246563
0.68 0.285843276298947
0.685 0.279490097982903
0.690000000000001 0.273210260360853
0.695000000000001 0.267002917104663
0.700000000000001 0.260867239001004
0.705000000000001 0.254802413474118
0.710000000000001 0.248807644125399
0.715000000000001 0.242882150288942
0.720000000000001 0.237025166602506
0.725000000000001 0.23123594259314
0.730000000000001 0.225513742276981
0.735000000000001 0.219857843772579
0.740000000000001 0.21426753892722
0.745000000000001 0.208742132955691
0.750000000000001 0.203280944091057
0.755000000000001 0.197883303246921
0.760000000000001 0.192548553690738
0.765000000000001 0.187276050727694
0.770000000000001 0.182065161394843
0.775000000000001 0.17691526416502
0.780000000000001 0.171825748660156
0.785000000000001 0.166796015373707
0.790000000000001 0.161825475401779
0.795000000000001 0.156913550182623
0.800000000000001 0.152059671244274
0.805000000000001 0.147263279959884
0.810000000000001 0.142523827310655
0.815000000000001 0.137840773655836
0.820000000000001 0.133213588509826
0.825000000000001 0.128641750325909
0.830000000000001 0.124124746286378
0.835000000000001 0.119662072099059
0.840000000000001 0.115253231799636
0.845000000000001 0.110897737559936
0.850000000000001 0.106595109501683
0.855000000000001 0.102344875515726
0.860000000000001 0.0981465710864271
0.865000000000001 0.0939997391210816
0.870000000000001 0.0899039297841926
0.875000000000001 0.0858587003364426
0.880000000000001 0.0818636149781666
0.885000000000001 0.0779182446972291
0.890000000000001 0.0740221671210873
0.895000000000001 0.0701749663729907
0.900000000000001 0.0663762329320826
0.905000000000001 0.062625563497364
0.910000000000001 0.058922560855305
0.915000000000001 0.0552668337510617
0.920000000000001 0.051657996763141
0.925000000000001 0.0480956701814255
0.930000000000001 0.0445794798883983
0.935000000000001 0.0411090572435417
0.940000000000001 0.0376840389707369
0.945000000000001 0.0343040670486579
0.950000000000001 0.0309687886039275
0.955000000000001 0.0276778558071086
0.960000000000001 0.0244309257713233
0.965000000000001 0.0212276604534829
0.970000000000001 0.0180677265580145
0.975000000000001 0.014950795443023
0.980000000000001 0.0118765430287975
0.985000000000001 0.00884464970866063
0.990000000000001 0.00585480026195316
0.995000000000001 0.00290668376925186
1 -1.09351000476821E-08
1.005 -0.00286557747081539
1.01 -0.00569031882087955
1.015 -0.00847452950725707
1.02 -0.0112185001446937
1.025 -0.0139225175138983
1.03 -0.0165868646329981
1.035 -0.0192118208272666
1.04 -0.0217976617972276
1.045 -0.0243446596851155
1.05 -0.0268530831398726
1.055 -0.0293231973805332
1.06 -0.0317552642581813
1.065 -0.034149542316496
1.07 -0.036506286850905
1.075 -0.0388257499663506
1.08 -0.0411081806337799
1.085 -0.0433538247453515
1.09 -0.0455629251684199
1.095 -0.0477357217982485
1.1 -0.0498724516096273
1.105 -0.0519733487072711
1.11 -0.0540386443751928
1.115 -0.0560685671249105
1.12 -0.0580633427426227
1.125 -0.0600231943354158
1.13 -0.0619483423763583
1.135 -0.0638390047487666
1.14 -0.0656953967893616
1.145 -0.0675177313306438
1.15 -0.0693062187422879
1.155 -0.0710610669716834
1.16 -0.0727824815836132
1.165 -0.0744706657991094
1.17 -0.0761258205335214
1.175 -0.0777481444337262
1.18 -0.0793378339146326
1.185 -0.0808950831949168
1.19 -0.0824200843319825
1.195 -0.0839130272563059
1.2 -0.0853740998049633
1.205 -0.0868034877545482
1.21 -0.0882013748534519
1.215 -0.0895679428534238
1.22 -0.0909033715405284
1.225 -0.0922078387655289
1.23 -0.0934815204736006
1.235 -0.0947245907335305
1.24 -0.0959372217662624
1.245 -0.0971195839729543
1.25 -0.0982718459624626
1.255 -0.09939417457829
1.26 -0.100486734925005
1.265 -0.101549690394179
1.26999999999999 -0.102583202689807
1.27499999999999 -0.103587431853261
1.27999999999999 -0.104562536287736
1.28499999999999 -0.105508672782266
1.28999999999999 -0.106425996535293
1.29499999999999 -0.107314661177764
1.29999999999999 -0.108174818795811
1.30499999999999 -0.109006619953
1.30999999999999 -0.109810213712215
1.31499999999999 -0.110585747657056
1.31999999999999 -0.111333367912926
1.32499999999999 -0.112053219167649
1.32999999999999 -0.112745444691815
1.33499999999999 -0.11341018635866
1.33999999999999 -0.114047584663629
1.34499999999999 -0.11465777874358
1.34999999999999 -0.115240906395675
1.35499999999999 -0.115797104095863
1.35999999999999 -0.116326507017109
1.36499999999999 -0.116829249047227
1.36999999999999 -0.117305462806498
1.37499999999999 -0.117755279664849
1.37999999999999 -0.118178829758852
1.38499999999999 -0.11857624200832
1.38999999999999 -0.118947644132736
1.39499999999999 -0.11929316266726
1.39999999999999 -0.119612922978575
1.40499999999999 -0.119907049280402
1.40999999999999 -0.12017566464873
1.41499999999999 -0.120418891036886
1.41999999999999 -0.120636849290194
1.42499999999999 -0.120829659160541
1.42999999999999 -0.120997439320593
1.43499999999999 -0.12114030737782
1.43999999999999 -0.121258379888262
1.44499999999999 -0.121351772370083
1.44999999999999 -0.121420599316896
1.45499999999999 -0.121464974210855
1.45999999999999 -0.121485009535543
1.46499999999999 -0.12148081678864
1.46999999999999 -0.121452506494419
1.47499999999999 -0.121400188215942
1.47999999999999 -0.1213239705672
1.48499999999999 -0.121223961224912
1.48999999999999 -0.121100266940253
1.49499999999999 -0.120952993550304
1.49999999999999 -0.120782245989366
1.50499999999999 -0.120588128300095
1.50999999999999 -0.120370743644423
1.51499999999999 -0.120130194314359
1.51999999999999 -0.119866581742562
1.52499999999999 -0.119580006512781
1.52999999999999 -0.119270568370142
1.53499999999999 -0.11893836623125
1.53999999999999 -0.118583498194128
1.54499999999999 -0.11820606154801
1.54999999999999 -0.117806152783027
1.55499999999999 -0.117383867599663
1.55999999999999 -0.116939300918118
1.56499999999999 -0.116472546887515
1.56999999999999 -0.115983698894977
1.57499999999999 -0.115472849574535
1.57999999999999 -0.11494009081595
1.58499999999999 -0.114385513773324
1.58999999999999 -0.113809208873697
1.59499999999999 -0.113211265825401
1.59999999999999 -0.112591773626343
1.60499999999999 -0.111950820572167
1.60999999999999 -0.111288494264282
1.61499999999999 -0.110604881617789
1.61999999999999 -0.109900068869227
1.62499999999999 -0.109174141584323
1.62999999999999 -0.108427184665497
1.63499999999999 -0.107659282359381
1.63999999999999 -0.106870518264101
1.64499999999999 -0.106060975336563
1.64999999999999 -0.105230735899589
1.65499999999999 -0.104379881648935
1.65999999999999 -0.103508493660242
1.66499999999999 -0.102616652395823
1.66999999999999 -0.101704437711472
1.67499999999999 -0.100771928863043
1.67999999999999 -0.0998192045130381
1.68499999999999 -0.098846342737016
1.68999999999999 -0.0978534210299794
1.69499999999999 -0.0968405163126804
1.69999999999999 -0.0958077049377307
1.70499999999999 -0.0947550626957525
1.70999999999999 -0.093682664821377
1.71499999999999 -0.0925905859991915
1.71999999999999 -0.0914789003695351
1.72499999999999 -0.0903476815343265
1.72999999999999 -0.0891970025627212
1.73499999999998 -0.0880269359967223
1.73999999999998 -0.0868375538567027
1.74499999999998 -0.0856289276468905
1.74999999999998 -0.0844011283607292
1.75499999999998 -0.0831542264861943
1.75999999999998 -0.0818882920110262
1.76499999999998 -0.0806033944279135
1.76999999999998 -0.0792996027395668
1.77499999999998 -0.0779769854637763
1.77999999999998 -0.0766356106383494
1.78499999999998 -0.075275545826024
1.78999999999998 -0.0738968581192946
1.79499999999998 -0.0724996141451891
1.79999999999998 -0.0710838800699449
1.80499999999998 -0.0696497216036904
1.80999999999998 -0.0681972040050005
1.81499999999998 -0.0667263920854456
1.81999999999998 -0.0652373502140161
1.82499999999998 -0.0637301423215568
1.82999999999998 -0.0622048319051161
1.83499999999998 -0.0606614820322241
1.83999999999998 -0.059100155345147
1.84499999999998 -0.057520914065036
1.84999999999998 -0.0559238199960949
1.85499999999998 -0.0543089345296547
1.85999999999998 -0.0526763186481648
1.86499999999998 -0.0510260329291828
1.86999999999998 -0.0493581375493179
1.87499999999998 -0.0476726922880897
1.87999999999998 -0.0459697565317184
1.88499999999998 -0.0442493892769832
1.88999999999998 -0.0425116491348726
1.89499999999998 -0.0407565943342962
1.89999999999998 -0.0389842827257496
1.90499999999998 -0.0371947717848519
1.90999999999998 -0.0353881186159385
1.91499999999998 -0.0335643799555635
1.91999999999998 -0.0317236121759198
1.92499999999998 -0.0298658712882944
1.92999999999998 -0.0279912129464388
1.93499999999998 -0.0260996924499159
1.93999999999998 -0.0241913647473572
1.94499999999998 -0.0222662844397428
1.94999999999998 -0.0203245057836258
1.95499999999998 -0.0183660826943072
1.95999999999998 -0.0163910687489416
1.96499999999998 -0.014399517189672
1.96999999999998 -0.0123914809266988
1.97499999999998 -0.0103670125412765
1.97999999999998 -0.00832616428873112
1.98499999999998 -0.00626898810139676
1.98999999999998 -0.00419553559155095
1.99499999999998 -0.00210585805430452
1.99999999999998 -6.47042797119468E-09
2.00499999999998 0.00212196404021003
2.00999999999998 0.00426001203228155
2.01499999999998 0.00641408298648183
2.01999999999998 0.00858412715147705
2.02499999999998 0.0107700950764612
2.02999999999998 0.0129719376085369
2.03499999999998 0.0151896058900512
2.03999999999998 0.0174230513560446
2.04499999999998 0.0196722257316485
2.04999999999998 0.0219370810295464
2.05499999999998 0.0242175695474847
2.05999999999998 0.0265136438657844
2.06499999999998 0.0288252568448768
2.06999999999998 0.0311523616228978
2.07499999999998 0.0334949116132658
2.07999999999998 0.0358528605023382
2.08499999999998 0.0382261622470565
2.08999999999998 0.0406147710726239
2.09499999999998 0.0430186414702071
2.09999999999998 0.0454377281946877
2.10499999999998 0.0478719862624344
2.10999999999998 0.0503213709490363
2.11499999999998 0.0527858377871612
2.11999999999998 0.0552653425643631
2.12499999999998 0.0577598413209575
2.12999999999998 0.0602692903478766
2.13499999999998 0.0627936461845864
2.13999999999998 0.0653328656170273
2.14499999999998 0.0678869056755445
2.14999999999998 0.0704557236328576
2.15499999999998 0.0730392770020619
2.15999999999998 0.0756375235346503
2.16499999999998 0.0782504212185399
2.16999999999998 0.0808779282761306
2.17499999999998 0.0835200031623851
2.17999999999998 0.0861766045629212
2.18499999999998 0.0888476913921674
2.18999999999998 0.0915332227914425
2.19499999999998 0.0942331581271549
2.19999999999998 0.0969474569889807
2.20499999999998 0.0996760791880559
2.20999999999998 0.102418984755185
2.21499999999997 0.105176133939072
2.21999999999997 0.107947487204617
2.22499999999997 0.110733005231148
2.22999999999997 0.113532648910713
2.23499999999997 0.116346379346397
2.23999999999997 0.11917415785067
2.24499999999997 0.122015945943704
2.24999999999997 0.124871705351731
2.25499999999997 0.127741398005441
2.25999999999997 0.130624986038362
2.26499999999997 0.133522431785286
2.26999999999997 0.136433697780676
2.27499999999997 0.13935874675711
2.27999999999997 0.142297541643771
2.28499999999997 0.145250045564897
2.28999999999997 0.148216221838273
2.29499999999997 0.151196033973721
2.29999999999997 0.154189445671667
2.30499999999997 0.157196420821639
2.30999999999997 0.16021692350083
2.31499999999997 0.16325091797265
2.31999999999997 0.166298368685339
2.32499999999997 0.16935924027052
2.32999999999997 0.172433497541826
2.33499999999997 0.17552110549353
2.33999999999997 0.178622029299171
2.34499999999997 0.181736234310204
2.34999999999997 0.184863686054648
2.35499999999997 0.188004350235779
2.35999999999997 0.191158192730833
2.36499999999997 0.194325179589674
2.36999999999997 0.197505277033512
2.37499999999997 0.200698451453664
2.37999999999997 0.203904669410243
2.38499999999997 0.207123897630964
2.38999999999997 0.21035610300985
2.39499999999997 0.213601252606053
2.39999999999997 0.216859313642618
2.40499999999997 0.220130253505287
2.40999999999997 0.223414039741321
2.41499999999997 0.226710640058295
2.41999999999997 0.230020022322953
2.42499999999997 0.233342154560055
2.42999999999997 0.236677004951199
2.43499999999997 0.240024541833743
2.43999999999997 0.243384733699619
2.44499999999997 0.24675754919429
2.44999999999997 0.250142957115569
2.45499999999997 0.253540926412581
2.45999999999997 0.256951426184684
2.46499999999997 0.260374425680368
2.46999999999997 0.263809894296208
2.47499999999997 0.267257801575821
2.47999999999997 0.270718117208802
2.48499999999997 0.274190811029727
2.48999999999997 0.277675853017096
2.49499999999997 0.281173213292324
2.49999999999997 0.284682862118776
2.50499999999997 0.288204769900724
2.50999999999997 0.291738907182391
2.51499999999997 0.295285244646949
2.51999999999997 0.298843753115598
2.52499999999997 0.302414403546569
2.52999999999997 0.305997167034182
2.53499999999997 0.309592014807886
2.53999999999997 0.313198918231388
2.54499999999997 0.316817848801673
2.54999999999997 0.320448778148106
2.55499999999997 0.324091678031512
2.55999999999997 0.327746520343305
2.56499999999997 0.331413277104575
2.56999999999997 0.335091920465219
2.57499999999997 0.338782422703038
2.57999999999997 0.342484756222905
2.58499999999997 0.346198893555898
2.58999999999997 0.349924807358422
2.59499999999997 0.353662470411385
2.59999999999997 0.35741185561937
2.60499999999997 0.361172936009787
2.60999999999997 0.364945684732062
2.61499999999997 0.368730075056807
2.61999999999997 0.372526080375038
2.62499999999997 0.376333674197354
2.62999999999997 0.380152830153148
2.63499999999997 0.383983521989814
2.63999999999997 0.387825723571982
2.64499999999997 0.391679408880749
2.64999999999997 0.395544552012879
2.65499999999997 0.399421127180065
2.65999999999997 0.40330910870819
2.66499999999997 0.40720847103656
2.66999999999997 0.411119188717172
2.67499999999997 0.415041236413961
2.67999999999997 0.418974588902106
2.68499999999996 0.422919221067292
2.68999999999996 0.426875107904975
2.69499999999996 0.430842224519707
2.69999999999996 0.434820546124417
2.70499999999996 0.438810048039703
2.70999999999996 0.442810705693163
2.71499999999996 0.446822494618688
2.71999999999996 0.450845390455797
2.72499999999996 0.454879368948971
2.72999999999996 0.458924405946939
2.73499999999996 0.462980477402074
2.73999999999996 0.467047559369705
2.74499999999996 0.471125628007469
2.74999999999996 0.475214659574665
2.75499999999996 0.47931463043161
2.75999999999996 0.483425517039006
2.76499999999996 0.487547295957322
2.76999999999996 0.491679943846143
2.77499999999996 0.495823437463574
2.77999999999996 0.499977753665617
2.78499999999996 0.50414286940555
2.78999999999996 0.50831876173334
2.79499999999996 0.51250540779503
2.79999999999996 0.516702784832148
2.80499999999996 0.520910870181124
2.80999999999996 0.525129641272704
2.81499999999996 0.529359075631337
2.81999999999996 0.53359915087466
2.82499999999996 0.537849844712874
2.82999999999996 0.542111134948187
2.83499999999996 0.546382999474279
2.83999999999996 0.550665416275721
2.84499999999996 0.554958363427426
2.84999999999996 0.559261819094108
2.85499999999996 0.563575761529716
2.85999999999996 0.567900169076915
2.86499999999996 0.57223502016657
2.86999999999996 0.576580293317149
2.87499999999996 0.580935967134265
2.87999999999996 0.585302020310108
2.88499999999996 0.589678431622963
2.88999999999996 0.594065179936651
2.89499999999996 0.598462244200063
2.89999999999996 0.602869603446619
2.90499999999996 0.60728723679378
2.90999999999996 0.61171512344257
2.91499999999996 0.616153242677013
2.91999999999996 0.62060157386374
2.92499999999996 0.625060096451423
2.92999999999996 0.629528789970327
2.93499999999996 0.634007634031801
2.93999999999996 0.638496608327851
2.94499999999996 0.642995692630637
2.94999999999996 0.647504866791998
2.95499999999996 0.652024110742998
2.95999999999996 0.656553404493461
2.96499999999996 0.661092728131522
2.96999999999996 0.665642061823168
2.97499999999996 0.670201385811776
2.97999999999996 0.67477068041768
2.98499999999996 0.679349926037729
2.98999999999996 0.683939103144819
2.99499999999996 0.688538192287492
2.99999999999996 0.693147174089487
3.00499999999996 0.697766024798719
3.00999999999996 0.702394734103234
3.01499999999996 0.707033278385098
3.01999999999996 0.711681638564557
3.02499999999996 0.716339795634934
3.02999999999996 0.721007730662205
3.03499999999996 0.725685424784584
3.03999999999996 0.730372859212144
3.04499999999996 0.735070015226384
3.04999999999996 0.739776874179833
3.05499999999996 0.744493417495651
3.05999999999996 0.749219626667243
3.06499999999996 0.753955483257841
3.06999999999996 0.758700968900147
3.07499999999996 0.763456065295899
3.07999999999996 0.768220754215532
3.08499999999996 0.772995017497794
3.08999999999996 0.777778837049308
3.09499999999996 0.782572194844272
3.09999999999996 0.787375072924035
3.10499999999996 0.792187453396746
3.10999999999996 0.797009318436978
3.11499999999996 0.801840650285368
3.11999999999996 0.806681431248255
3.12499999999996 0.811531643697307
3.12999999999996 0.816391270069178
3.13499999999996 0.821260292865144
3.13999999999996 0.826138694650757
3.14499999999996 0.831026458055496
3.14999999999996 0.835923565772396
3.15499999999995 0.840830000557741
3.15999999999995 0.84574574523069
3.16499999999995 0.850670782672961
3.16999999999995 0.855605095828463
3.17499999999995 0.860548667702997
3.17999999999995 0.865501481363887
3.18499999999995 0.870463519939687
3.18999999999995 0.875434766619822
3.19499999999995 0.880415204654257
3.19999999999995 0.885404817353217
3.20499999999995 0.890403588086834
3.20999999999995 0.895411500284814
3.21499999999995 0.900428537436138
3.21999999999995 0.905454683088773
3.22499999999995 0.91048992084932
3.22999999999995 0.915534234382709
3.23499999999995 0.920587607411896
3.23999999999995 0.925650023717586
3.24499999999995 0.930721467137889
3.24999999999995 0.935801921568029
3.25499999999995 0.940891370960053
3.25999999999995 0.945989799322527
3.26499999999995 0.951097190720253
3.26999999999995 0.956213529273954
3.27499999999995 0.961338799159991
3.27999999999995 0.966472984610087
3.28499999999995 0.971616069911034
3.28999999999995 0.976768039404382
3.29499999999995 0.981928877486197
3.29999999999995 0.987098568606738
3.30499999999995 0.992277097270217
3.30999999999995 0.997464448034501
3.31499999999995 1.00266060551081
3.31999999999995 1.00786555436352
3.32499999999995 1.01307927930981
3.32999999999995 1.0183017651194
3.33499999999995 1.02353299661436
3.33999999999995 1.02877295866875
3.34499999999995 1.03402163620841
3.34999999999995 1.03927901421068
3.35499999999995 1.04454507770413
3.35999999999995 1.04981981176832
3.36499999999995 1.05510320153353
3.36999999999995 1.06039523218052
3.37499999999995 1.06569588894023
3.37999999999995 1.07100515709359
3.38499999999995 1.07632302197123
3.38999999999995 1.08164946895324
3.39499999999995 1.08698448346889
3.39999999999995 1.09232805099648
3.40499999999995 1.09768015706298
3.40999999999995 1.10304078724385
3.41499999999995 1.1084099271628
3.41999999999995 1.11378756249151
3.42499999999995 1.11917367894946
3.42999999999995 1.12456826230362
3.43499999999995 1.12997129836826
3.43999999999995 1.1353827730047
3.44499999999995 1.14080267212109
3.44999999999995 1.14623098167216
3.45499999999995 1.15166768765903
3.45999999999995 1.15711277612892
3.46499999999995 1.16256623317498
3.46999999999995 1.16802804493606
3.47499999999995 1.17349819759644
3.47999999999995 1.17897667738566
3.48499999999995 1.18446347057829
3.48999999999995 1.18995856349368
3.49499999999995 1.19546194249577
3.49999999999995 1.2009735939929
3.50499999999995 1.20649350443752
3.50999999999995 1.21202166032604
3.51499999999995 1.21755804819862
3.51999999999995 1.2231026546389
3.52499999999995 1.22865546627386
3.52999999999995 1.23421646977357
3.53499999999995 1.239785651851
3.53999999999995 1.2453629992618
3.54499999999995 1.25094849880413
3.54999999999995 1.25654213731841
3.55499999999995 1.26214390168714
3.55999999999995 1.26775377883474
3.56499999999995 1.27337175572727
3.56999999999995 1.27899781937231
3.57499999999995 1.2846319568187
3.57999999999995 1.29027415515639
3.58499999999995 1.29592440151625
3.58999999999995 1.30158268306983
3.59499999999995 1.3072489870292
3.59999999999995 1.31292330064677
3.60499999999995 1.31860561121508
3.60999999999995 1.32429590606663
3.61499999999995 1.32999417257366
3.61999999999995 1.33570039814801
3.62499999999994 1.34141457024091
3.62999999999994 1.34713667634279
3.63499999999994 1.3528667039831
3.63999999999994 1.35860464073017
3.64499999999994 1.36435047419097
3.64999999999994 1.37010419201097
3.65499999999994 1.37586578187393
3.65999999999994 1.38163523150176
3.66499999999994 1.38741252865433
3.66999999999994 1.39319766112929
3.67499999999994 1.39899061676189
3.67999999999994 1.40479138342483
3.68499999999994 1.41059994902808
3.68999999999994 1.41641630151869
3.69499999999994 1.42224042888063
3.69999999999994 1.42807231913466
3.70499999999994 1.43391196033811
3.70999999999994 1.43975934058473
3.71499999999994 1.44561444800455
3.71999999999994 1.45147727076366
3.72499999999994 1.45734779706414
3.72999999999994 1.46322601514377
3.73499999999994 1.46911191327598
3.73999999999994 1.47500547976965
3.74499999999994 1.48090670296893
3.74999999999994 1.48681557125311
3.75499999999994 1.49273207303645
3.75999999999994 1.49865619676802
3.76499999999994 1.50458793093158
3.76999999999994 1.51052726404535
3.77499999999994 1.51647418466193
3.77999999999994 1.52242868136812
3.78499999999994 1.52839074278476
3.78999999999994 1.53436035756657
3.79499999999994 1.54033751440205
3.79999999999994 1.54632220201327
3.80499999999994 1.55231440915575
3.80999999999994 1.55831412461832
3.81499999999994 1.56432133722296
3.81999999999994 1.57033603582464
3.82499999999994 1.57635820931124
3.82999999999994 1.58238784660329
3.83499999999994 1.58842493665395
3.83999999999994 1.5944694684488
3.84499999999994 1.60052143100568
3.84999999999994 1.60658081337463
3.85499999999994 1.61264760463765
3.85999999999994 1.61872179390864
3.86499999999994 1.62480337033323
3.86999999999994 1.63089232308864
3.87499999999994 1.63698864138354
3.87999999999994 1.64309231445792
3.88499999999994 1.64920333158299
3.88999999999994 1.65532168206096
3.89499999999994 1.66144735522498
3.89999999999994 1.66758034043901
3.90499999999994 1.67372062709762
3.90999999999994 1.67986820462593
3.91499999999994 1.68602306247943
3.91999999999994 1.6921851901439
3.92499999999994 1.69835457713521
3.92999999999994 1.70453121299926
3.93499999999994 1.71071508731182
3.93999999999994 1.7169061896784
3.94499999999994 1.72310450973415
3.94999999999994 1.72931003714369
3.95499999999994 1.73552276160102
3.95999999999994 1.74174267282939
3.96499999999994 1.74796976058117
3.96999999999994 1.75420401463773
3.97499999999994 1.76044542480933
3.97999999999994 1.76669398093495
3.98499999999994 1.77294967288225
3.98999999999994 1.77921249054737
3.99499999999994 1.78548242385486
3.99999999999994 1.79175946275755
4.00499999999994 1.79804359278585
4.00999999999994 1.80433481286398
4.01499999999994 1.81063310856421
4.01999999999994 1.81693846995129
4.02499999999994 1.8232508871177
4.02999999999994 1.82957035018344
4.03499999999994 1.83589684929601
4.03999999999994 1.84223037463023
4.04499999999994 1.8485709163882
4.04999999999994 1.85491846479911
4.05499999999994 1.86127301011917
4.05999999999994 1.86763454263149
4.06499999999994 1.87400305264598
4.06999999999994 1.88037853049921
4.07499999999994 1.88676096655433
4.07999999999994 1.89315035120098
4.08499999999994 1.8995466748551
4.08999999999994 1.90594992795892
4.09499999999993 1.91236010098079
4.09999999999993 1.91877718441509
4.10499999999993 1.92520116878215
4.10999999999993 1.93163204462808
4.11499999999993 1.93806980252474
4.11999999999993 1.94451443306961
4.12499999999993 1.95096592688563
4.12999999999993 1.9574242746212
4.13499999999993 1.96388946694999
4.13999999999993 1.97036149457088
4.14499999999993 1.97684034820786
4.14999999999993 1.9833260186099
4.15499999999993 1.98981849655088
4.15999999999993 1.99631777282947
4.16499999999993 2.00282383826906
4.16999999999993 2.00933668371761
4.17499999999993 2.01585630004761
4.17999999999993 2.02238267815593
4.18499999999993 2.02891580896377
4.18999999999993 2.03545568341653
4.19499999999993 2.04200229248371
4.19999999999993 2.04855562715886
4.20499999999993 2.05511567845943
4.20999999999993 2.06168243742669
4.21499999999993 2.06825589512568
4.21999999999993 2.07483604264505
4.22499999999993 2.08142287109701
4.22999999999993 2.08801637161722
4.23499999999993 2.09461653536472
4.23999999999993 2.10122335352178
4.24499999999993 2.1078368172939
4.24999999999993 2.11445691790963
4.25499999999993 2.12108364662054
4.25999999999993 2.1277169947011
4.26499999999993 2.1343569534486
4.26999999999993 2.14100351418307
4.27499999999993 2.14765666824716
4.27999999999993 2.1543164070061
4.28499999999993 2.16098272184757
4.28999999999993 2.16765560418162
4.29499999999993 2.17433504544062
4.29999999999993 2.18102103707912
4.30499999999993 2.18771357057382
4.30999999999993 2.19441263742342
4.31499999999993 2.2011182291486
4.31999999999993 2.20783033729188
4.32499999999993 2.21454895341757
4.32999999999993 2.22127406911171
4.33499999999993 2.22800567598191
4.33999999999993 2.23474376565732
4.34499999999993 2.24148832978856
4.34999999999993 2.24823936004761
4.35499999999993 2.25499684812773
4.35999999999993 2.26176078574339
4.36499999999993 2.26853116463018
4.36999999999993 2.27530797654475
4.37499999999993 2.28209121326469
4.37999999999993 2.28888086658848
4.38499999999993 2.29567692833543
4.38999999999993 2.30247939034555
4.39499999999993 2.30928824447951
4.39999999999993 2.31610348261855
4.40499999999993 2.32292509666441
4.40999999999993 2.32975307853923
4.41499999999993 2.33658742018551
4.41999999999993 2.34342811356599
4.42499999999993 2.35027515066361
4.42999999999993 2.35712852348143
4.43499999999993 2.36398822404253
4.43999999999993 2.37085424438996
4.44499999999993 2.37772657658666
4.44999999999993 2.38460521271539
4.45499999999993 2.39149014487862
4.45999999999993 2.3983813651985
4.46499999999993 2.4052788658168
4.46999999999993 2.41218263889478
4.47499999999993 2.41909267661315
4.47999999999993 2.426008971172
4.48499999999993 2.43293151479073
4.48999999999993 2.43986029970797
4.49499999999993 2.4467953181815
4.49999999999993 2.45373656248822
4.50499999999993 2.46068402492403
4.50999999999993 2.46763769780378
4.51499999999993 2.4745975734612
4.51999999999993 2.48156364424886
4.52499999999993 2.48853590253804
4.52999999999993 2.49551434071873
4.53499999999993 2.50249895119949
4.53999999999993 2.50948972640744
4.54499999999993 2.51648665878817
4.54999999999993 2.52348974080568
4.55499999999993 2.53049896494231
4.55999999999993 2.53751432369863
4.56499999999992 2.54453580959349
4.56999999999992 2.55156341516381
4.57499999999992 2.55859713296463
4.57999999999992 2.56563695556896
4.58499999999992 2.57268287556779
4.58999999999992 2.57973488556997
4.59499999999992 2.58679297820217
4.59999999999992 2.59385714610879
4.60499999999992 2.60092738195195
4.60999999999992 2.60800367841137
4.61499999999992 2.61508602818434
4.61999999999992 2.62217442398564
4.62499999999992 2.6292688585475
4.62999999999992 2.6363693246195
4.63499999999992 2.64347581496854
4.63999999999992 2.65058832237878
4.64499999999992 2.65770683965155
4.64999999999992 2.66483135960532
4.65499999999992 2.67196187507563
4.65999999999992 2.67909837891499
4.66499999999992 2.6862408639929
4.66999999999992 2.69338932319572
4.67499999999992 2.70054374942665
4.67999999999992 2.70770413560563
4.68499999999992 2.71487047466934
4.68999999999992 2.72204275957108
4.69499999999992 2.72922098328075
4.69999999999992 2.73640513878479
4.70499999999992 2.74359521908611
4.70999999999992 2.75079121720403
4.71499999999992 2.75799312617422
4.71999999999992 2.76520093904868
4.72499999999992 2.77241464889562
4.72999999999992 2.77963424879945
4.73499999999992 2.78685973186071
4.73999999999992 2.79409109119604
4.74499999999992 2.80132831993806
4.74999999999992 2.80857141123539
4.75499999999992 2.8158203582525
4.75999999999992 2.82307515416978
4.76499999999992 2.83033579218339
4.76999999999992 2.83760226550523
4.77499999999992 2.84487456736288
4.77999999999992 2.85215269099957
4.78499999999992 2.85943662967413
4.78999999999992 2.86672637666086
4.79499999999992 2.8740219252496
4.79999999999992 2.88132326874556
4.80499999999992 2.88863040046935
4.80999999999992 2.89594331375689
4.81499999999992 2.90326200195933
4.81999999999992 2.91058645844308
4.82499999999992 2.91791667658969
4.82999999999992 2.9252526497958
4.83499999999992 2.93259437147313
4.83999999999992 2.93994183504838
4.84499999999992 2.94729503396325
4.84999999999992 2.95465396167427
4.854999999999